L1: 242.66669,470.3333,280.0,469.6667
L1_int: 242,470,280,469
S1: 183.66669,664.3333,203.33331,694.6667
S1_int: 183,664,203,694
T12: 240.33331,467.6667,280.6667,462.0
T12_int: 240,467,280,462
T5: 165.33331,233.33331,192.66669,228.33331
T5_int: 165,233,192,228
fem_center: 197.0,806.0
fem_center_int: 197,806
image: data/Lat0001-1000_processed/train/00917/00917.jpg
image_label: data/Lat0001-1000_processed/train/00917/00917_label.jpg
