L1: 209.0,405.6667,237.66669,403.3333
L1_int: 209,405,237,403
S1: 230.0,583.3333,258.3333,597.6667
S1_int: 230,583,258,597
T12: 208.66669,399.3333,238.33331,396.3333
T12_int: 208,399,238,396
T5: 182.5,186.75,204.5,187.25
T5_int: 182,186,204,187
fem_center: 272.5,716.0
fem_center_int: 272,716
image: data/Lat0001-1000_processed/train/00596/00596.jpg
image_label: data/Lat0001-1000_processed/train/00596/00596_label.jpg
