L1: 182.33331,459.6667,213.0,447.6667
L1_int: 182,459,213,447
S1: 208.66669,645.3333,234.33331,675.0
S1_int: 208,645,234,675
T12: 178.33331,452.3333,208.66669,440.3333
T12_int: 178,452,208,440
T5: 147.0,218.5,171.0,225.0
T5_int: 147,218,171,225
fem_center: 216.0,789.0
fem_center_int: 216,789
image: data/Lat0001-1000_processed/train/00670/00670.jpg
image_label: data/Lat0001-1000_processed/train/00670/00670_label.jpg
