L1: 171.33331,446.3333,206.0,434.6667
L1_int: 171,446,206,434
S1: 172.0,630.0,199.66669,648.3333
S1_int: 172,630,199,648
T12: 170.33331,436.3333,204.33331,426.3333
T12_int: 170,436,204,426
T5: 144.0,218.33331,171.0,220.33331
T5_int: 144,218,171,220
fem_center: 211.5,748.0
fem_center_int: 211,748
image: data/Lat0001-1000_processed/train/00697/00697.jpg
image_label: data/Lat0001-1000_processed/train/00697/00697_label.jpg
