L1: 167.33331,458.6667,198.66669,456.6667
L1_int: 167,458,198,456
S1: 135.33331,632.6667,164.0,659.3333
S1_int: 135,632,164,659
T12: 164.66669,452.3333,196.66669,447.0
T12_int: 164,452,196,447
T5: 122.0,232.33331,147.33331,234.66669
T5_int: 122,232,147,234
fem_center: 187.5,746.0
fem_center_int: 187,746
image: data/Lat0001-1000_processed/train/00699/00699.jpg
image_label: data/Lat0001-1000_processed/train/00699/00699_label.jpg
