L1: 164.66669,464.0,199.66669,454.6667
L1_int: 164,464,199,454
S1: 175.0,656.6667,205.0,676.6667
S1_int: 175,656,205,676
T12: 160.66669,457.0,197.0,446.0
T12_int: 160,457,197,446
T5: 134.66669,212.0,163.66669,215.66669
T5_int: 134,212,163,215
fem_center: 210.0,805.5
fem_center_int: 210,805
image: data/Lat0001-1000_processed/train/00927/00927.jpg
image_label: data/Lat0001-1000_processed/train/00927/00927_label.jpg
