L1: 156.0,420.6667,183.33331,412.0
L1_int: 156,420,183,412
S1: 177.33331,610.0,206.0,628.0
S1_int: 177,610,206,628
T12: 152.66669,414.6667,182.0,406.6667
T12_int: 152,414,182,406
T5: 148.66669,210.0,175.33331,217.33331
T5_int: 148,210,175,217
fem_center: 224.0,771.5
fem_center_int: 224,771
image: data/Lat0001-1000_processed/train/00122/00122.jpg
image_label: data/Lat0001-1000_processed/train/00122/00122_label.jpg
