L1: 106.6667,457.3333,142.33331,467.3333
L1_int: 106,457,142,467
S1: 95.0,704.0,130.0,681.3333
S1_int: 95,704,130,681
T12: 110.3333,450.6667,145.0,460.6667
T12_int: 110,450,145,460
T5: 156.33331,201.3333,184.66669,198.6667
T5_int: 156,201,184,198
fem_center: 113.0,821.5
fem_center_int: 113,821
image: data/Lat0001-1000_processed/train/00822/00822.jpg
image_label: data/Lat0001-1000_processed/train/00822/00822_label.jpg
