L1: 188.33331,440.3333,219.33331,434.3333
L1_int: 188,440,219,434
S1: 204.5,630.75,229.5,650.75
S1_int: 204,630,229,650
T12: 187.66669,432.6667,216.0,426.0
T12_int: 187,432,216,426
T5: 146.66669,210.0,170.66669,213.33331
T5_int: 146,210,170,213
fem_center: 226.75,780.75
fem_center_int: 226,780
image: data/Lat0001-1000_processed/train/00426/00426.jpg
image_label: data/Lat0001-1000_processed/train/00426/00426_label.jpg
