L1: 139.5,450.0,176.5,439.5
L1_int: 139,450,176,439
S1: 156.66669,650.0,191.33331,666.6667
S1_int: 156,650,191,666
T12: 140.0,440.5,174.0,433.0
T12_int: 140,440,174,433
T5: 126.5,182.0,156.5,184.0
T5_int: 126,182,156,184
fem_center: 245.0,774.0
fem_center_int: 245,774
image: data/Lat0001-1000_processed/train/00508/00508.jpg
image_label: data/Lat0001-1000_processed/train/00508/00508_label.jpg
