L1: 168.66669,393.6667,198.33331,383.6667
L1_int: 168,393,198,383
S1: 184.33331,598.0,212.33331,624.0
S1_int: 184,598,212,624
T12: 165.33331,384.3333,195.33331,375.0
T12_int: 165,384,195,375
T5: 127.0,167.5,156.5,171.0
T5_int: 127,167,156,171
fem_center: 220.75,753.5
fem_center_int: 220,753
image: data/Lat0001-1000_processed/train/00667/00667.jpg
image_label: data/Lat0001-1000_processed/train/00667/00667_label.jpg
