L1: 188.33331,466.0,218.0,455.3333
L1_int: 188,466,218,455
S1: 193.0,638.6667,222.33331,665.0
S1_int: 193,638,222,665
T12: 185.33331,457.6667,213.66669,447.0
T12_int: 185,457,213,447
T5: 137.0,236.33331,166.0,238.0
T5_int: 137,236,166,238
fem_center: 217.75,769.0
fem_center_int: 217,769
image: data/Lat0001-1000_processed/train/00520/00520.jpg
image_label: data/Lat0001-1000_processed/train/00520/00520_label.jpg
