L1: 134.66669,459.6667,166.33331,457.3333
L1_int: 134,459,166,457
S1: 157.0,643.6667,186.33331,657.0
S1_int: 157,643,186,657
T12: 133.0,452.3333,164.33331,447.6667
T12_int: 133,452,164,447
T5: 110.0,238.66669,134.0,243.5
T5_int: 110,238,134,243
fem_center: 202.0,779.0
fem_center_int: 202,779
image: data/Lat0001-1000_processed/train/00673/00673.jpg
image_label: data/Lat0001-1000_processed/train/00673/00673_label.jpg
