L1: 151.0,456.0,180.5,447.5
L1_int: 151,456,180,447
S1: 144.66669,639.3333,169.66669,665.6667
S1_int: 144,639,169,665
T12: 149.0,449.5,180.5,442.0
T12_int: 149,449,180,442
T5: 116.0,216.5,141.5,220.0
T5_int: 116,216,141,220
fem_center: 189.0,764.0
fem_center_int: 189,764
image: data/Lat0001-1000_processed/train/00076/00076.jpg
image_label: data/Lat0001-1000_processed/train/00076/00076_label.jpg
