L1: 169.5,423.54218,200.0,416.45782
L1_int: 169,423,200,416
S1: 187.25,605.7108,209.5,630.0
S1_int: 187,605,209,630
T12: 166.9167,416.54214,196.4167,407.93973
T12_int: 166,416,196,407
T5: 139.5,195.3253,168.5,198.86748
T5_int: 139,195,168,198
fem_center: 193.0,756.50604
fem_center_int: 193,756
image: data/Lat0001-1000_processed/train/00006/00006.jpg
image_label: data/Lat0001-1000_processed/train/00006/00006_label.jpg
