L1: 177.0,451.5,202.0,438.5
L1_int: 177,451,202,438
S1: 201.0,633.6667,225.33331,653.3333
S1_int: 201,633,225,653
T12: 172.33331,443.6667,196.33331,433.6667
T12_int: 172,443,196,433
T5: 131.0,234.0,152.0,236.0
T5_int: 131,234,152,236
fem_center: 241.25,770.5
fem_center_int: 241,770
image: data/Lat0001-1000_processed/train/00692/00692.jpg
image_label: data/Lat0001-1000_processed/train/00692/00692_label.jpg
