L1: 170.33331,409.6667,201.66669,406.3333
L1_int: 170,409,201,406
S1: 203.0,587.0,231.66669,602.0
S1_int: 203,587,231,602
T12: 168.66669,403.0,200.66669,397.6667
T12_int: 168,403,200,397
T5: 137.0,186.6667,161.66669,190.3333
T5_int: 137,186,161,190
fem_center: 237.0,709.5
fem_center_int: 237,709
image: data/Lat0001-1000_processed/train/00919/00919.jpg
image_label: data/Lat0001-1000_processed/train/00919/00919_label.jpg
