L1: 178.0,402.3333,211.33331,394.3333
L1_int: 178,402,211,394
S1: 196.66669,607.0,224.0,634.3333
S1_int: 196,607,224,634
T12: 175.33331,398.3333,210.66669,388.3333
T12_int: 175,398,210,388
T5: 131.33331,131.6667,166.0,137.6667
T5_int: 131,131,166,137
fem_center: 219.0,778.0
fem_center_int: 219,778
image: data/Lat0001-1000_processed/train/00163/00163.jpg
image_label: data/Lat0001-1000_processed/train/00163/00163_label.jpg
