L1: 194.33331,447.6667,230.33331,438.3333
L1_int: 194,447,230,438
S1: 158.0,613.6667,175.33331,645.3333
S1_int: 158,613,175,645
T12: 192.66669,438.6667,223.66669,427.3333
T12_int: 192,438,223,427
T5: 137.66669,188.3333,165.0,190.0
T5_int: 137,188,165,190
fem_center: 183.5,743.5
fem_center_int: 183,743
image: data/Lat0001-1000_processed/train/00440/00440.jpg
image_label: data/Lat0001-1000_processed/train/00440/00440_label.jpg
