L1: 187.66669,459.6667,223.66669,453.6667
L1_int: 187,459,223,453
S1: 179.66669,654.3333,204.33331,682.3333
S1_int: 179,654,204,682
T12: 186.5,453.5,220.83331,443.1667
T12_int: 186,453,220,443
T5: 142.66669,221.66669,169.0,223.0
T5_int: 142,221,169,223
fem_center: 197.5,797.0
fem_center_int: 197,797
image: data/Lat0001-1000_processed/train/00521/00521.jpg
image_label: data/Lat0001-1000_processed/train/00521/00521_label.jpg
