L1: 182.29062,398.768,209.62285,397.6686
L1_int: 182,398,209,397
S1: 178.5635,607.6569,208.38048,629.64526
S1_int: 178,607,208,629
T12: 181.98003,388.9649,210.24405,388.232
T12_int: 181,388,210,388
T5: 151.54187,154.88109,174.83638,154.51462
T5_int: 151,154,174,154
fem_center: 213.66057,754.52045
fem_center_int: 213,754
image: data/Lat0001-1000_processed/train/00900/00900.jpg
image_label: data/Lat0001-1000_processed/train/00900/00900_label.jpg
