L1: 178.66669,440.0,205.33331,439.3333
L1_int: 178,440,205,439
S1: 179.33331,610.0,206.66669,626.0
S1_int: 179,610,206,626
T12: 177.0,432.6667,205.33331,431.3333
T12_int: 177,432,205,431
T5: 164.33331,235.66669,185.66669,237.33331
T5_int: 164,235,185,237
fem_center: 220.5,732.5
fem_center_int: 220,732
image: data/Lat0001-1000_processed/train/00797/00797.jpg
image_label: data/Lat0001-1000_processed/train/00797/00797_label.jpg
