L1: 139.0,419.3333,171.0,420.6667
L1_int: 139,419,171,420
S1: 106.0,586.0,136.33331,615.3333
S1_int: 106,586,136,615
T12: 135.5,413.0,169.0,414.75
T12_int: 135,413,169,414
T5: 135.0,198.6667,161.33331,200.3333
T5_int: 135,198,161,200
fem_center: 129.0,727.5
fem_center_int: 129,727
image: data/Lat0001-1000_processed/train/00908/00908.jpg
image_label: data/Lat0001-1000_processed/train/00908/00908_label.jpg
