L1: 136.0,418.3333,176.66669,409.0
L1_int: 136,418,176,409
S1: 155.33331,679.6667,184.66669,695.3333
S1_int: 155,679,184,695
T12: 134.33331,414.0,179.0,406.0
T12_int: 134,414,179,406
T5: 112.0,134.5,140.0,144.5
T5_int: 112,134,140,144
fem_center: 216.75,804.25
fem_center_int: 216,804
image: data/Lat0001-1000_processed/train/00083/00083.jpg
image_label: data/Lat0001-1000_processed/train/00083/00083_label.jpg
