L1: 180.0,423.3333,210.66669,419.6667
L1_int: 180,423,210,419
S1: 183.0,599.6667,211.66669,618.3333
S1_int: 183,599,211,618
T12: 175.16669,416.6667,204.83331,412.6667
T12_int: 175,416,204,412
T5: 164.0,202.5,186.5,203.0
T5_int: 164,202,186,203
fem_center: 214.0,729.5
fem_center_int: 214,729
image: data/Lat0001-1000_processed/train/00907/00907.jpg
image_label: data/Lat0001-1000_processed/train/00907/00907_label.jpg
