L1: 197.66669,458.3333,224.0,452.6667
L1_int: 197,458,224,452
S1: 187.33331,618.6667,208.66669,641.3333
S1_int: 187,618,208,641
T12: 194.66669,451.0,222.33331,445.3333
T12_int: 194,451,222,445
T5: 149.66669,253.33331,172.33331,255.33331
T5_int: 149,253,172,255
fem_center: 203.0,740.0
fem_center_int: 203,740
image: data/Lat0001-1000_processed/train/00715/00715.jpg
image_label: data/Lat0001-1000_processed/train/00715/00715_label.jpg
