L1: 142.33331,455.6667,178.66669,450.3333
L1_int: 142,455,178,450
S1: 142.0,638.6667,170.66669,670.0
S1_int: 142,638,170,670
T12: 140.33331,452.0,178.66669,445.0
T12_int: 140,452,178,445
T5: 145.0,232.0,177.0,244.66669
T5_int: 145,232,177,244
fem_center: 159.5,782.25
fem_center_int: 159,782
image: data/Lat0001-1000_processed/train/00671/00671.jpg
image_label: data/Lat0001-1000_processed/train/00671/00671_label.jpg
