L1: 146.0,419.5,178.0,413.5
L1_int: 146,419,178,413
S1: 146.66669,628.0,173.33331,653.3333
S1_int: 146,628,173,653
T12: 144.33331,411.6667,174.66669,403.3333
T12_int: 144,411,174,403
T5: 81.6667,160.0,103.66669,162.3333
T5_int: 81,160,103,162
fem_center: 180.5,771.25
fem_center_int: 180,771
image: data/Lat0001-1000_processed/train/00496/00496.jpg
image_label: data/Lat0001-1000_processed/train/00496/00496_label.jpg
