L1: 213.33331,432.625,250.66669,431.875
L1_int: 213,432,250,431
S1: 198.25,628.25,236.5,647.75
S1_int: 198,628,236,647
T12: 213.75,422.25,242.25,420.75
T12_int: 213,422,242,420
T5: 173.75,193.125,207.25,194.875
T5_int: 173,193,207,194
fem_center: 248.0,787.0
fem_center_int: 248,787
image: data/Lat0001-1000_processed/train/00476/00476.jpg
image_label: data/Lat0001-1000_processed/train/00476/00476_label.jpg
