L1: 164.33331,420.0,197.66669,425.3333
L1_int: 164,420,197,425
S1: 196.33331,620.0,217.0,600.6667
S1_int: 196,620,217,600
T12: 167.0,411.6667,196.66669,416.0
T12_int: 167,411,196,416
T5: 171.66669,202.6667,202.0,198.6667
T5_int: 171,202,202,198
fem_center: 246.5,735.0
fem_center_int: 246,735
image: data/Lat0001-1000_processed/train/00765/00765.jpg
image_label: data/Lat0001-1000_processed/train/00765/00765_label.jpg
