L1: 149.66669,402.3333,178.66669,412.6667
L1_int: 149,402,178,412
S1: 108.33331,604.6667,132.0,593.0
S1_int: 108,604,132,593
T12: 152.66669,396.0,180.66669,406.0
T12_int: 152,396,180,406
T5: 215.33331,204.66669,235.33331,207.66669
T5_int: 215,204,235,207
fem_center: 141.0,733.5
fem_center_int: 141,733
image: data/Lat0001-1000_processed/train/00537/00537.jpg
image_label: data/Lat0001-1000_processed/train/00537/00537_label.jpg
