L1: 170.75,445.0,205.25,439.0
L1_int: 170,445,205,439
S1: 168.33331,638.6667,197.33331,659.3333
S1_int: 168,638,197,659
T12: 167.0,435.0,202.0,429.0
T12_int: 167,435,202,429
T5: 149.0,194.5,180.0,198.5
T5_int: 149,194,180,198
fem_center: 202.0,796.5
fem_center_int: 202,796
image: data/Lat0001-1000_processed/train/00285/00285.jpg
image_label: data/Lat0001-1000_processed/train/00285/00285_label.jpg
