L1: 146.33331,416.3333,176.33331,422.0
L1_int: 146,416,176,422
S1: 142.33331,617.3333,169.0,604.6667
S1_int: 142,617,169,604
T12: 148.0,409.3333,180.0,412.6667
T12_int: 148,409,180,412
T5: 194.0,205.33331,223.33331,203.3333
T5_int: 194,205,223,203
fem_center: 151.5,760.0
fem_center_int: 151,760
image: data/Lat0001-1000_processed/train/00710/00710.jpg
image_label: data/Lat0001-1000_processed/train/00710/00710_label.jpg
