L1: 189.0,468.5,219.5,466.5
L1_int: 189,468,219,466
S1: 185.5,649.5,211.0,670.0
S1_int: 185,649,211,670
T12: 188.33331,460.6667,217.66669,456.6667
T12_int: 188,460,217,456
T5: 164.0,230.0,192.66669,232.0
T5_int: 164,230,192,232
fem_center: 221.0,786.0
fem_center_int: 221,786
image: data/Lat0001-1000_processed/train/00681/00681.jpg
image_label: data/Lat0001-1000_processed/train/00681/00681_label.jpg
