L1: 154.33331,465.0,187.33331,463.6667
L1_int: 154,465,187,463
S1: 137.33331,659.6667,169.33331,680.6667
S1_int: 137,659,169,680
T12: 150.66669,455.6667,186.33331,454.0
T12_int: 150,455,186,454
T5: 118.0,205.0,144.0,208.5
T5_int: 118,205,144,208
fem_center: 199.5,780.5
fem_center_int: 199,780
image: data/Lat0001-1000_processed/train/00438/00438.jpg
image_label: data/Lat0001-1000_processed/train/00438/00438_label.jpg
