L1: 101.33331,458.0,132.0,465.3333
L1_int: 101,458,132,465
S1: 162.0,656.0,190.0,634.0
S1_int: 162,656,190,634
T12: 104.66669,446.0,138.66669,458.6667
T12_int: 104,446,138,458
T5: 187.33331,228.0,216.0,227.33331
T5_int: 187,228,216,227
fem_center: 125.5,788.5
fem_center_int: 125,788
image: data/Lat0001-1000_processed/train/00214/00214.jpg
image_label: data/Lat0001-1000_processed/train/00214/00214_label.jpg
