L1: 185.0,456.3333,220.33331,447.6667
L1_int: 185,456,220,447
S1: 179.33331,651.6667,202.66669,680.0
S1_int: 179,651,202,680
T12: 182.66669,449.0,216.66669,440.0
T12_int: 182,449,216,440
T5: 143.66669,197.3333,168.66669,202.3333
T5_int: 143,197,168,202
fem_center: 210.25,811.5
fem_center_int: 210,811
image: data/Lat0001-1000_processed/train/00507/00507.jpg
image_label: data/Lat0001-1000_processed/train/00507/00507_label.jpg
