L1: 229.66669,443.9167,263.6667,437.4167
L1_int: 229,443,263,437
S1: 190.0,632.6667,210.0,655.3333
S1_int: 190,632,210,655
T12: 227.33331,434.0,259.3333,427.0
T12_int: 227,434,259,427
T5: 162.0,178.75,188.0,186.5
T5_int: 162,178,188,186
fem_center: 221.0,775.0
fem_center_int: 221,775
image: data/Lat0001-1000_processed/train/00251/00251.jpg
image_label: data/Lat0001-1000_processed/train/00251/00251_label.jpg
