L1: 187.0,455.6667,216.33331,457.0
L1_int: 187,455,216,457
S1: 151.25,643.0,177.5,661.0
S1_int: 151,643,177,661
T12: 187.66669,448.3333,216.66669,447.3333
T12_int: 187,448,216,447
T5: 170.0,229.75,202.0,232.75
T5_int: 170,229,202,232
fem_center: 210.0,779.5
fem_center_int: 210,779
image: data/Lat0001-1000_processed/train/00955/00955.jpg
image_label: data/Lat0001-1000_processed/train/00955/00955_label.jpg
