L1: 137.66669,364.3333,171.0,357.0
L1_int: 137,364,171,357
S1: 177.33331,561.1667,208.0,578.0
S1_int: 177,561,208,578
T12: 134.66669,359.0,167.0,351.3333
T12_int: 134,359,167,351
T5: 153.5,134.5,175.0,145.0
T5_int: 153,134,175,145
fem_center: 225.0,717.5
fem_center_int: 225,717
image: data/Lat0001-1000_processed/train/00416/00416.jpg
image_label: data/Lat0001-1000_processed/train/00416/00416_label.jpg
