L1: 214.33331,457.0,248.33331,449.0
L1_int: 214,457,248,449
S1: 229.0,633.3333,260.6667,662.0
S1_int: 229,633,260,662
T12: 211.33331,450.6667,243.0,443.3333
T12_int: 211,450,243,443
T5: 166.66669,215.66669,203.0,216.66669
T5_int: 166,215,203,216
fem_center: 272.5,771.0
fem_center_int: 272,771
image: data/Lat0001-1000_processed/train/00916/00916.jpg
image_label: data/Lat0001-1000_processed/train/00916/00916_label.jpg
