L1: 143.33331,455.8333,175.33331,452.8333
L1_int: 143,455,175,452
S1: 133.66669,651.3333,172.0,668.6667
S1_int: 133,651,172,668
T12: 141.33331,444.6667,176.66669,440.3333
T12_int: 141,444,176,440
T5: 132.0,224.75,162.25,226.75
T5_int: 132,224,162,226
fem_center: 197.0,782.0
fem_center_int: 197,782
image: data/Lat0001-1000_processed/train/00383/00383.jpg
image_label: data/Lat0001-1000_processed/train/00383/00383_label.jpg
