L1: 200.33331,447.6667,232.0,447.6667
L1_int: 200,447,232,447
S1: 165.66669,636.6667,194.0,662.0
S1_int: 165,636,194,662
T12: 194.0,439.3333,232.0,434.6667
T12_int: 194,439,232,434
T5: 180.25,231.75,205.5,236.75
T5_int: 180,231,205,236
fem_center: 186.5,760.0
fem_center_int: 186,760
image: data/Lat0001-1000_processed/train/00758/00758.jpg
image_label: data/Lat0001-1000_processed/train/00758/00758_label.jpg
