L1: 197.66669,388.6667,233.66669,382.0
L1_int: 197,388,233,382
S1: 157.66669,593.3333,183.0,625.3333
S1_int: 157,593,183,625
T12: 193.66669,375.3333,231.0,368.0
T12_int: 193,375,231,368
T5: 151.0,120.6667,185.0,123.3333
T5_int: 151,120,185,123
fem_center: 193.5,763.5
fem_center_int: 193,763
image: data/Lat0001-1000_processed/train/00053/00053.jpg
image_label: data/Lat0001-1000_processed/train/00053/00053_label.jpg
