L1: 124.66669,492.3333,154.33331,495.6667
L1_int: 124,492,154,495
S1: 193.33331,694.3333,210.66669,662.3333
S1_int: 193,694,210,662
T12: 127.33331,483.6667,158.33331,488.6667
T12_int: 127,483,158,488
T5: 215.33331,256.5,241.0,255.0
T5_int: 215,256,241,255
fem_center: 158.5,786.5
fem_center_int: 158,786
image: data/Lat0001-1000_processed/train/00617/00617.jpg
image_label: data/Lat0001-1000_processed/train/00617/00617_label.jpg
