L1: 154.92891,421.1557,198.5308,414.0125
L1_int: 154,421,198,414
S1: 176.16113,605.5395,208.00948,632.0288
S1_int: 176,605,208,632
T12: 150.37914,412.22675,193.22275,405.67877
T12_int: 150,412,193,405
T5: 99.194305,177.46854,136.72986,180.51926
T5_int: 99,177,136,180
fem_center: 206.87204,739.214
fem_center_int: 206,739
image: data/Lat0001-1000_processed/train/00309/00309.jpg
image_label: data/Lat0001-1000_processed/train/00309/00309_label.jpg
