L1: 139.66669,467.0,173.66669,458.6667
L1_int: 139,467,173,458
S1: 159.66669,655.6667,195.0,671.6667
S1_int: 159,655,195,671
T12: 137.0,458.3333,176.66669,448.0
T12_int: 137,458,176,448
T5: 135.33331,220.33331,167.66669,225.33331
T5_int: 135,220,167,225
fem_center: 231.5,796.0
fem_center_int: 231,796
image: data/Lat0001-1000_processed/train/00590/00590.jpg
image_label: data/Lat0001-1000_processed/train/00590/00590_label.jpg
