L1: 173.0,433.75,206.25,430.0
L1_int: 173,433,206,430
S1: 136.33331,661.6667,157.66669,684.0
S1_int: 136,661,157,684
T12: 168.0,425.0,204.0,421.75
T12_int: 168,425,204,421
T5: 148.33331,183.3333,185.33331,184.0
T5_int: 148,183,185,184
fem_center: 210.0,776.5
fem_center_int: 210,776
image: data/Lat0001-1000_processed/train/00085/00085.jpg
image_label: data/Lat0001-1000_processed/train/00085/00085_label.jpg
