L1: 138.33331,445.6667,170.66669,453.0
L1_int: 138,445,170,453
S1: 140.33331,638.6667,165.66669,617.6667
S1_int: 140,638,165,617
T12: 141.66669,437.6667,173.66669,448.3333
T12_int: 141,437,173,448
T5: 189.66669,230.66669,217.0,232.33331
T5_int: 189,230,217,232
fem_center: 146.0,748.0
fem_center_int: 146,748
image: data/Lat0001-1000_processed/train/00734/00734.jpg
image_label: data/Lat0001-1000_processed/train/00734/00734_label.jpg
