L1: 157.33331,467.6667,185.33331,460.0
L1_int: 157,467,185,460
S1: 136.66669,647.6667,162.0,672.6667
S1_int: 136,647,162,672
T12: 154.66669,459.6667,183.33331,452.0
T12_int: 154,459,183,452
T5: 129.0,224.5,153.66669,227.33331
T5_int: 129,224,153,227
fem_center: 190.0,775.5
fem_center_int: 190,775
image: data/Lat0001-1000_processed/train/00674/00674.jpg
image_label: data/Lat0001-1000_processed/train/00674/00674_label.jpg
