L1: 190.99771,439.91968,227.28214,434.7791
L1_int: 190,439,227,434
S1: 156.63991,629.3976,180.9633,656.1446
S1_int: 156,629,180,656
T12: 188.4289,430.92365,226.961,425.14056
T12_int: 188,430,226,425
T5: 158.56651,196.38553,187.7867,199.59839
T5_int: 158,196,187,199
fem_center: 190.71674,768.07227
fem_center_int: 190,768
image: data/Lat0001-1000_processed/train/00903/00903.jpg
image_label: data/Lat0001-1000_processed/train/00903/00903_label.jpg
