L1: 101.0,412.0,133.66669,416.6667
L1_int: 101,412,133,416
S1: 142.33331,665.3333,171.66669,640.0
S1_int: 142,665,171,640
T12: 103.0,403.3333,136.33331,406.0
T12_int: 103,403,136,406
T5: 144.33331,123.6667,173.66669,124.3333
T5_int: 144,123,173,124
fem_center: 155.5,797.5
fem_center_int: 155,797
image: data/Lat0001-1000_processed/train/00164/00164.jpg
image_label: data/Lat0001-1000_processed/train/00164/00164_label.jpg
