L1: 181.66669,419.6667,223.0,416.3333
L1_int: 181,419,223,416
S1: 160.33331,625.0,186.33331,651.6667
S1_int: 160,625,186,651
T12: 185.0,409.6667,220.33331,405.0
T12_int: 185,409,220,405
T5: 174.33331,145.0,204.33331,158.3333
T5_int: 174,145,204,158
fem_center: 184.5,780.5
fem_center_int: 184,780
image: data/Lat0001-1000_processed/train/00149/00149.jpg
image_label: data/Lat0001-1000_processed/train/00149/00149_label.jpg
