L1: 164.59059,424.18256,207.43623,415.1881
L1_int: 164,424,207,415
S1: 195.22148,641.2586,230.73825,662.7933
S1_int: 195,641,230,662
T12: 161.5839,413.45844,204.42953,405.8478
T12_int: 161,413,204,405
T5: 142.04027,151.41043,179.62416,152.44824
T5_int: 142,151,179,152
fem_center: 240.04028,800.56305
fem_center_int: 240,800
image: data/Lat0001-1000_processed/train/00506/00506.jpg
image_label: data/Lat0001-1000_processed/train/00506/00506_label.jpg
