L1: 178.33331,425.6667,213.66669,415.0
L1_int: 178,425,213,415
S1: 198.5,642.0,234.0,667.5
S1_int: 198,642,234,667
T12: 173.0,416.3333,206.33331,405.0
T12_int: 173,416,206,405
T5: 115.66669,167.6667,144.33331,171.0
T5_int: 115,167,144,171
fem_center: 202.0,801.0
fem_center_int: 202,801
image: data/Lat0001-1000_processed/train/00276/00276.jpg
image_label: data/Lat0001-1000_processed/train/00276/00276_label.jpg
