L1: 164.33331,439.5,195.0,437.8333
L1_int: 164,439,195,437
S1: 162.66669,616.6667,187.66669,634.0
S1_int: 162,616,187,634
T12: 163.66669,432.3333,193.66669,430.6667
T12_int: 163,432,193,430
T5: 146.33331,218.33331,173.0,220.66669
T5_int: 146,218,173,220
fem_center: 184.5,757.0
fem_center_int: 184,757
image: data/Lat0001-1000_processed/train/00488/00488.jpg
image_label: data/Lat0001-1000_processed/train/00488/00488_label.jpg
