L1: 193.66669,462.6667,242.33331,472.6667
L1_int: 193,462,242,472
S1: 212.33331,712.0,249.66669,688.0
S1_int: 212,712,249,688
T12: 197.0,453.3333,242.33331,458.6667
T12_int: 197,453,242,458
T5: 237.0,176.0,267.0,174.0
T5_int: 237,176,267,174
fem_center: 181.0,835.5
fem_center_int: 181,835
image: data/Lat0001-1000_processed/train/00028/00028.jpg
image_label: data/Lat0001-1000_processed/train/00028/00028_label.jpg
