L1: 223.33331,437.6667,256.0,431.3333
L1_int: 223,437,256,431
S1: 199.33331,605.6667,222.33331,633.0
S1_int: 199,605,222,633
T12: 220.66669,432.3333,251.33331,422.3333
T12_int: 220,432,251,422
T5: 155.5,226.5,181.0,224.5
T5_int: 155,226,181,224
fem_center: 218.5,725.5
fem_center_int: 218,725
image: data/Lat0001-1000_processed/train/00597/00597.jpg
image_label: data/Lat0001-1000_processed/train/00597/00597_label.jpg
