L1: 123.5,446.5,157.0,440.0
L1_int: 123,446,157,440
S1: 134.33331,635.0,166.0,655.0
S1_int: 134,635,166,655
T12: 122.5,441.5,156.0,434.0
T12_int: 122,441,156,434
T5: 106.58331,231.25,134.33331,231.33331
T5_int: 106,231,134,231
fem_center: 194.0,772.5
fem_center_int: 194,772
image: data/Lat0001-1000_processed/train/00552/00552.jpg
image_label: data/Lat0001-1000_processed/train/00552/00552_label.jpg
