L1: 179.33331,425.3333,220.0,420.6667
L1_int: 179,425,220,420
S1: 174.0,663.0,209.33331,688.3333
S1_int: 174,663,209,688
T12: 177.0,415.6667,218.33331,409.6667
T12_int: 177,415,218,409
T5: 148.0,124.6667,180.66669,131.3333
T5_int: 148,124,180,131
fem_center: 221.0,835.5
fem_center_int: 221,835
image: data/Lat0001-1000_processed/train/00177/00177.jpg
image_label: data/Lat0001-1000_processed/train/00177/00177_label.jpg
