L1: 183.66669,424.3333,217.33331,426.6667
L1_int: 183,424,217,426
S1: 171.0,646.0,202.33331,630.6667
S1_int: 171,646,202,630
T12: 184.0,420.0,218.33331,422.6667
T12_int: 184,420,218,422
T5: 211.66669,184.0,233.0,184.6667
T5_int: 211,184,233,184
fem_center: 172.5,766.5
fem_center_int: 172,766
image: data/Lat0001-1000_processed/train/00868/00868.jpg
image_label: data/Lat0001-1000_processed/train/00868/00868_label.jpg
