L1: 126.0,508.3333,154.33331,494.3333
L1_int: 126,508,154,494
S1: 172.33331,674.3333,196.0,693.6667
S1_int: 172,674,196,693
T12: 120.66669,498.0,152.33331,486.6667
T12_int: 120,498,152,486
T5: 96.5,254.5,124.5,258.5
T5_int: 96,254,124,258
fem_center: 199.0,803.5
fem_center_int: 199,803
image: data/Lat0001-1000_processed/train/00472/00472.jpg
image_label: data/Lat0001-1000_processed/train/00472/00472_label.jpg
