L1: 180.0,409.3333,211.33331,406.3333
L1_int: 180,409,211,406
S1: 178.0,607.3333,208.0,622.3333
S1_int: 178,607,208,622
T12: 174.66669,401.6667,207.0,399.3333
T12_int: 174,401,207,399
T5: 141.33331,155.6667,167.0,154.0
T5_int: 141,155,167,154
fem_center: 210.5,759.0
fem_center_int: 210,759
image: data/Lat0001-1000_processed/train/00729/00729.jpg
image_label: data/Lat0001-1000_processed/train/00729/00729_label.jpg
