L1: 205.33331,480.0,235.66669,480.0
L1_int: 205,480,235,480
S1: 189.33331,668.6667,214.33331,686.6667
S1_int: 189,668,214,686
T12: 202.66669,470.6667,233.0,469.3333
T12_int: 202,470,233,469
T5: 198.66669,250.0,222.66669,250.33331
T5_int: 198,250,222,250
fem_center: 211.5,784.0
fem_center_int: 211,784
image: data/Lat0001-1000_processed/train/00721/00721.jpg
image_label: data/Lat0001-1000_processed/train/00721/00721_label.jpg
