L1: 125.33331,453.6667,158.0,445.6667
L1_int: 125,453,158,445
S1: 153.0,643.6667,185.33331,668.3333
S1_int: 153,643,185,668
T12: 123.66669,442.3333,158.33331,435.0
T12_int: 123,442,158,435
T5: 106.33331,209.33331,133.33331,219.33331
T5_int: 106,209,133,219
fem_center: 169.5,773.0
fem_center_int: 169,773
image: data/Lat0001-1000_processed/train/00591/00591.jpg
image_label: data/Lat0001-1000_processed/train/00591/00591_label.jpg
