L1: 208.33331,424.3333,234.66669,420.3333
L1_int: 208,424,234,420
S1: 181.66669,606.0,209.0,624.6667
S1_int: 181,606,209,624
T12: 207.0,420.3333,234.66669,416.0
T12_int: 207,420,234,416
T5: 177.0,216.66669,198.66669,219.0
T5_int: 177,216,198,219
fem_center: 197.5,752.0
fem_center_int: 197,752
image: data/Lat0001-1000_processed/train/00570/00570.jpg
image_label: data/Lat0001-1000_processed/train/00570/00570_label.jpg
