L1: 200.33331,452.0,230.33331,448.6667
L1_int: 200,452,230,448
S1: 185.33331,638.6667,215.0,654.3333
S1_int: 185,638,215,654
T12: 198.33331,443.0,225.33331,440.6667
T12_int: 198,443,225,440
T5: 184.0,227.0,212.33331,229.33331
T5_int: 184,227,212,229
fem_center: 250.5,759.0
fem_center_int: 250,759
image: data/Lat0001-1000_processed/train/00788/00788.jpg
image_label: data/Lat0001-1000_processed/train/00788/00788_label.jpg
