L1: 191.66669,433.0,224.33331,428.3333
L1_int: 191,433,224,428
S1: 179.33331,628.3333,205.66669,657.3333
S1_int: 179,628,205,657
T12: 188.0,426.3333,220.33331,419.0
T12_int: 188,426,220,419
T5: 140.5,189.0,171.66669,191.6667
T5_int: 140,189,171,191
fem_center: 211.0,775.5
fem_center_int: 211,775
image: data/Lat0001-1000_processed/train/00704/00704.jpg
image_label: data/Lat0001-1000_processed/train/00704/00704_label.jpg
