L1: 146.66669,318.3333,184.33331,339.6667
L1_int: 146,318,184,339
S1: 163.0,514.3333,187.0,489.0
S1_int: 163,514,187,489
T12: 150.5,313.6667,186.66669,336.3333
T12_int: 150,313,186,336
T5: 218.0,132.3333,240.33331,130.6667
T5_int: 218,132,240,130
fem_center: 208.5,644.0
fem_center_int: 208,644
image: data/Lat0001-1000_processed/train/00929/00929.jpg
image_label: data/Lat0001-1000_processed/train/00929/00929_label.jpg
