L1: 219.87796,440.13513,253.32693,434.6411
L1_int: 219,440,253,434
S1: 198.65768,632.5991,231.02762,665.2201
S1_int: 198,632,231,665
T12: 217.3603,432.2375,251.16891,425.36987
T12_int: 217,432,251,425
T5: 182.11304,172.47122,214.48297,176.4201
T5_int: 182,172,214,176
fem_center: 246.35837,776.26025
fem_center_int: 246,776
image: data/Lat0001-1000_processed/train/00735/00735.jpg
image_label: data/Lat0001-1000_processed/train/00735/00735_label.jpg
