L1: 193.0,479.0,224.33331,473.3333
L1_int: 193,479,224,473
S1: 192.33331,681.0,218.33331,706.0
S1_int: 192,681,218,706
T12: 189.0,469.0,219.66669,463.0
T12_int: 189,469,219,463
T5: 168.33331,225.33331,189.0,230.0
T5_int: 168,225,189,230
fem_center: 227.5,834.5
fem_center_int: 227,834
image: data/Lat0001-1000_processed/train/00957/00957.jpg
image_label: data/Lat0001-1000_processed/train/00957/00957_label.jpg
