L1: 165.5,473.5,198.5,465.0
L1_int: 165,473,198,465
S1: 159.66669,676.3333,187.33331,700.3333
S1_int: 159,676,187,700
T12: 161.0,465.0,194.5,456.0
T12_int: 161,465,194,456
T5: 102.0,213.5,131.66669,216.66669
T5_int: 102,213,131,216
fem_center: 213.5,822.5
fem_center_int: 213,822
image: data/Lat0001-1000_processed/train/00397/00397.jpg
image_label: data/Lat0001-1000_processed/train/00397/00397_label.jpg
