L1: 225.33331,455.0,255.33331,450.0
L1_int: 225,455,255,450
S1: 193.0,612.6667,215.0,636.6667
S1_int: 193,612,215,636
T12: 221.66669,448.6667,253.66669,442.0
T12_int: 221,448,253,442
T5: 178.66669,237.33331,204.33331,240.0
T5_int: 178,237,204,240
fem_center: 224.0,731.25
fem_center_int: 224,731
image: data/Lat0001-1000_processed/train/00536/00536.jpg
image_label: data/Lat0001-1000_processed/train/00536/00536_label.jpg
