L1: 125.75,437.25,151.0,441.75
L1_int: 125,437,151,441
S1: 170.33331,675.3333,197.66669,649.3333
S1_int: 170,675,197,649
T12: 126.0,430.75,153.75,440.25
T12_int: 126,430,153,440
T5: 210.0,206.0,240.66669,207.66669
T5_int: 210,206,240,207
fem_center: 160.25,815.75
fem_center_int: 160,815
image: data/Lat0001-1000_processed/train/00633/00633.jpg
image_label: data/Lat0001-1000_processed/train/00633/00633_label.jpg
