L1: 175.66669,407.6667,215.66669,393.0
L1_int: 175,407,215,393
S1: 193.0,627.0,227.66669,649.0
S1_int: 193,627,227,649
T12: 171.66669,398.3333,210.33331,385.0
T12_int: 171,398,210,385
T5: 139.0,131.0,173.0,136.3333
T5_int: 139,131,173,136
fem_center: 215.0,796.5
fem_center_int: 215,796
image: data/Lat0001-1000_processed/train/00117/00117.jpg
image_label: data/Lat0001-1000_processed/train/00117/00117_label.jpg
