L1: 149.66669,453.6667,181.66669,452.0
L1_int: 149,453,181,452
S1: 129.0,656.0833,162.0,676.4167
S1_int: 129,656,162,676
T12: 148.0,447.0,182.66669,443.3333
T12_int: 148,447,182,443
T5: 116.33331,221.33331,148.33331,221.0
T5_int: 116,221,148,221
fem_center: 174.0,794.5
fem_center_int: 174,794
image: data/Lat0001-1000_processed/train/00752/00752.jpg
image_label: data/Lat0001-1000_processed/train/00752/00752_label.jpg
