L1: 194.66669,394.0,231.33331,400.6667
L1_int: 194,394,231,400
S1: 137.33331,602.6667,164.66669,635.3333
S1_int: 137,602,164,635
T12: 197.33331,387.3333,230.66669,393.3333
T12_int: 197,387,230,393
T5: 168.0,118.0,198.66669,110.0
T5_int: 168,118,198,110
fem_center: 193.5,748.0
fem_center_int: 193,748
image: data/Lat0001-1000_processed/train/00103/00103.jpg
image_label: data/Lat0001-1000_processed/train/00103/00103_label.jpg
