L1: 167.5,414.9091,196.0,407.78183
L1_int: 167,414,196,407
S1: 175.5,602.2545,194.5,625.6727
S1_int: 175,602,194,625
T12: 163.5,406.76364,191.0,397.0909
T12_int: 163,406,191,397
T5: 106.0,219.92728,135.0,221.96364
T5_int: 106,219,135,221
fem_center: 192.5,737.6727
fem_center_int: 192,737
image: data/Lat0001-1000_processed/train/00007/00007.jpg
image_label: data/Lat0001-1000_processed/train/00007/00007_label.jpg
