L1: 209.16003,393.15036,242.84903,382.00043
L1_int: 209,393,242,382
S1: 211.3848,595.17285,238.87628,627.11096
S1_int: 211,595,238,627
T12: 204.55165,384.45718,238.63791,372.55127
T12_int: 204,384,238,372
T5: 180.7151,132.07077,205.02838,137.92923
T5_int: 180,132,205,137
fem_center: 253.53577,753.3278
fem_center_int: 253,753
image: data/Lat0001-1000_processed/train/00588/00588.jpg
image_label: data/Lat0001-1000_processed/train/00588/00588_label.jpg
