L1: 147.66669,474.6667,178.66669,474.0
L1_int: 147,474,178,474
S1: 148.33331,662.6667,175.0,681.0
S1_int: 148,662,175,681
T12: 144.33331,467.3333,177.66669,465.3333
T12_int: 144,467,177,465
T5: 140.5,256.25,163.0,257.0
T5_int: 140,256,163,257
fem_center: 216.0,795.5
fem_center_int: 216,795
image: data/Lat0001-1000_processed/train/00769/00769.jpg
image_label: data/Lat0001-1000_processed/train/00769/00769_label.jpg
