L1: 134.66669,461.6667,159.33331,438.0
L1_int: 134,461,159,438
S1: 184.0,631.6667,207.66669,656.6667
S1_int: 184,631,207,656
T12: 128.0,457.6667,150.66669,431.6667
T12_int: 128,457,150,431
T5: 47.0,241.5,78.3333,252.66669
T5_int: 47,241,78,252
fem_center: 191.75,759.75
fem_center_int: 191,759
image: data/Lat0001-1000_processed/train/00510/00510.jpg
image_label: data/Lat0001-1000_processed/train/00510/00510_label.jpg
