L1: 167.0,465.5,200.5,460.5
L1_int: 167,465,200,460
S1: 156.66669,664.3333,183.33331,695.3333
S1_int: 156,664,183,695
T12: 162.5,457.5,197.0,449.5
T12_int: 162,457,197,449
T5: 131.0,206.5,164.66669,216.66669
T5_int: 131,206,164,216
fem_center: 185.5,812.5
fem_center_int: 185,812
image: data/Lat0001-1000_processed/train/00394/00394.jpg
image_label: data/Lat0001-1000_processed/train/00394/00394_label.jpg
