L1: 151.0,434.3333,187.33331,427.3333
L1_int: 151,434,187,427
S1: 147.0,636.3333,177.66669,663.3333
S1_int: 147,636,177,663
T12: 150.33331,425.6667,183.66669,417.0
T12_int: 150,425,183,417
T5: 102.0,196.3333,130.66669,201.6667
T5_int: 102,196,130,201
fem_center: 199.0,774.5
fem_center_int: 199,774
image: data/Lat0001-1000_processed/train/00318/00318.jpg
image_label: data/Lat0001-1000_processed/train/00318/00318_label.jpg
