L1: 141.33331,423.0,172.66669,415.3333
L1_int: 141,423,172,415
S1: 151.33331,586.0,178.66669,600.6667
S1_int: 151,586,178,600
T12: 140.66669,416.3333,170.0,407.3333
T12_int: 140,416,170,407
T5: 132.0,212.33331,152.66669,217.66669
T5_int: 132,212,152,217
fem_center: 202.0,721.5
fem_center_int: 202,721
image: data/Lat0001-1000_processed/train/00910/00910.jpg
image_label: data/Lat0001-1000_processed/train/00910/00910_label.jpg
