L1: 136.0,469.0,173.33331,473.6667
L1_int: 136,469,173,473
S1: 187.5,680.0,211.5,650.0
S1_int: 187,680,211,650
T12: 138.66669,460.3333,172.66669,464.3333
T12_int: 138,460,172,464
T5: 170.0,242.33331,199.0,238.33331
T5_int: 170,242,199,238
fem_center: 158.5,775.0
fem_center_int: 158,775
image: data/Lat0001-1000_processed/train/00345/00345.jpg
image_label: data/Lat0001-1000_processed/train/00345/00345_label.jpg
