L1: 186.0,404.1667,213.66669,396.3333
L1_int: 186,404,213,396
S1: 168.33331,568.0,198.33331,588.3333
S1_int: 168,568,198,588
T12: 185.66669,398.6667,212.33331,391.3333
T12_int: 185,398,212,391
T5: 144.125,189.9375,167.25,189.75
T5_int: 144,189,167,189
fem_center: 222.5,687.5
fem_center_int: 222,687
image: data/Lat0001-1000_processed/train/00986/00986.jpg
image_label: data/Lat0001-1000_processed/train/00986/00986_label.jpg
