L1: 199.0,446.6667,235.66669,444.0
L1_int: 199,446,235,444
S1: 181.66669,650.6667,204.33331,684.0
S1_int: 181,650,204,684
T12: 196.33331,441.3333,233.0,432.6667
T12_int: 196,441,233,432
T5: 173.66669,195.6667,203.33331,199.0
T5_int: 173,195,203,199
fem_center: 166.5,794.5
fem_center_int: 166,794
image: data/Lat0001-1000_processed/train/00737/00737.jpg
image_label: data/Lat0001-1000_processed/train/00737/00737_label.jpg
