L1: 149.66669,437.0,181.66669,444.6667
L1_int: 149,437,181,444
S1: 166.0,644.6667,190.0,625.3333
S1_int: 166,644,190,625
T12: 153.0,429.3333,183.66669,434.6667
T12_int: 153,429,183,434
T5: 190.33331,212.0,216.5,210.25
T5_int: 190,212,216,210
fem_center: 137.5,758.0
fem_center_int: 137,758
image: data/Lat0001-1000_processed/train/00562/00562.jpg
image_label: data/Lat0001-1000_processed/train/00562/00562_label.jpg
