L1: 133.33331,439.6667,160.33331,435.6667
L1_int: 133,439,160,435
S1: 158.0,637.0,186.66669,649.0
S1_int: 158,637,186,649
T12: 130.66669,430.6667,161.25,425.75
T12_int: 130,430,161,425
T5: 115.33331,198.8333,137.5,199.5
T5_int: 115,198,137,199
fem_center: 167.0,776.5
fem_center_int: 167,776
image: data/Lat0001-1000_processed/train/00762/00762.jpg
image_label: data/Lat0001-1000_processed/train/00762/00762_label.jpg
