L1: 163.0,436.3333,194.66669,428.0
L1_int: 163,436,194,428
S1: 176.66669,628.3333,204.0,648.6667
S1_int: 176,628,204,648
T12: 159.66669,431.6667,193.33331,422.6667
T12_int: 159,431,193,422
T5: 126.33331,201.3333,150.66669,203.0
T5_int: 126,201,150,203
fem_center: 224.0,783.75
fem_center_int: 224,783
image: data/Lat0001-1000_processed/train/00511/00511.jpg
image_label: data/Lat0001-1000_processed/train/00511/00511_label.jpg
