L1: 170.66669,444.3333,196.33331,448.0
L1_int: 170,444,196,448
S1: 181.0,661.3333,209.66669,641.3333
S1_int: 181,661,209,641
T12: 171.0,439.3333,199.0,445.0
T12_int: 171,439,199,445
T5: 208.66669,236.66669,236.25,235.5
T5_int: 208,236,236,235
fem_center: 166.5,796.5
fem_center_int: 166,796
image: data/Lat0001-1000_processed/train/00971/00971.jpg
image_label: data/Lat0001-1000_processed/train/00971/00971_label.jpg
