L1: 178.66669,379.0,208.0,373.3333
L1_int: 178,379,208,373
S1: 192.66669,588.6667,222.33331,611.0
S1_int: 192,588,222,611
T12: 176.83331,373.6667,205.66669,367.6667
T12_int: 176,373,205,367
T5: 127.33331,161.3333,159.66669,163.6667
T5_int: 127,161,159,163
fem_center: 218.5,745.5
fem_center_int: 218,745
image: data/Lat0001-1000_processed/train/00262/00262.jpg
image_label: data/Lat0001-1000_processed/train/00262/00262_label.jpg
