L1: 169.0,479.3333,198.33331,465.3333
L1_int: 169,479,198,465
S1: 195.66669,662.3333,225.0,683.0
S1_int: 195,662,225,683
T12: 162.33331,473.6667,193.0,459.0
T12_int: 162,473,193,459
T5: 117.0,244.0,142.33331,248.66669
T5_int: 117,244,142,248
fem_center: 263.0,796.5
fem_center_int: 263,796
image: data/Lat0001-1000_processed/train/00804/00804.jpg
image_label: data/Lat0001-1000_processed/train/00804/00804_label.jpg
