L1: 152.0,457.3333,191.0,456.0
L1_int: 152,457,191,456
S1: 127.66669,634.6667,155.66669,664.0
S1_int: 127,634,155,664
T12: 151.33331,450.0,188.66669,447.6667
T12_int: 151,450,188,447
T5: 135.5,217.25,160.0,218.33331
T5_int: 135,217,160,218
fem_center: 173.0,768.0
fem_center_int: 173,768
image: data/Lat0001-1000_processed/train/00904/00904.jpg
image_label: data/Lat0001-1000_processed/train/00904/00904_label.jpg
