L1: 188.0,421.6667,222.0,413.6667
L1_int: 188,421,222,413
S1: 188.66669,630.3333,221.33331,657.6667
S1_int: 188,630,221,657
T12: 181.33331,412.3333,217.33331,403.0
T12_int: 181,412,217,403
T5: 118.66669,152.3333,146.0,151.6667
T5_int: 118,152,146,151
fem_center: 204.5,780.5
fem_center_int: 204,780
image: data/Lat0001-1000_processed/train/00197/00197.jpg
image_label: data/Lat0001-1000_processed/train/00197/00197_label.jpg
