L1: 171.0,453.5,203.0,446.5
L1_int: 171,453,203,446
S1: 173.33331,645.3333,201.0,666.6667
S1_int: 173,645,201,666
T12: 170.33331,448.3333,197.66669,442.6667
T12_int: 170,448,197,442
T5: 136.33331,201.3333,159.0,202.6667
T5_int: 136,201,159,202
fem_center: 211.0,806.5
fem_center_int: 211,806
image: data/Lat0001-1000_processed/train/00348/00348.jpg
image_label: data/Lat0001-1000_processed/train/00348/00348_label.jpg
