L1: 179.5,473.5,217.0,470.0
L1_int: 179,473,217,470
S1: 149.33331,671.6667,171.66669,693.6667
S1_int: 149,671,171,693
T12: 179.0,463.5,213.0,458.0
T12_int: 179,463,213,458
T5: 150.0,211.5,182.0,212.5
T5_int: 150,211,182,212
fem_center: 190.5,809.5
fem_center_int: 190,809
image: data/Lat0001-1000_processed/train/00424/00424.jpg
image_label: data/Lat0001-1000_processed/train/00424/00424_label.jpg
