L1: 111.0,457.0,148.0,447.5
L1_int: 111,457,148,447
S1: 144.33331,650.0,175.66669,666.0
S1_int: 144,650,175,666
T12: 110.0,448.5,143.0,440.0
T12_int: 110,448,143,440
T5: 95.5,214.5,124.0,224.33331
T5_int: 95,214,124,224
fem_center: 191.5,787.0
fem_center_int: 191,787
image: data/Lat0001-1000_processed/train/00439/00439.jpg
image_label: data/Lat0001-1000_processed/train/00439/00439_label.jpg
