L1: 165.33331,465.0,193.66669,458.0
L1_int: 165,465,193,458
S1: 170.0,639.6667,195.33331,661.6667
S1_int: 170,639,195,661
T12: 163.66669,456.3333,190.66669,449.0
T12_int: 163,456,190,449
T5: 118.66669,244.66669,145.66669,245.66669
T5_int: 118,244,145,245
fem_center: 179.25,790.5
fem_center_int: 179,790
image: data/Lat0001-1000_processed/train/00515/00515.jpg
image_label: data/Lat0001-1000_processed/train/00515/00515_label.jpg
