L1: 224.33331,432.0,265.0,441.3333
L1_int: 224,432,265,441
S1: 207.0,688.0,239.0,660.6667
S1_int: 207,688,239,660
T12: 231.0,422.6667,267.0,434.6667
T12_int: 231,422,267,434
T5: 235.66669,176.6667,279.6667,170.0
T5_int: 235,176,279,170
fem_center: 181.5,809.0
fem_center_int: 181,809
image: data/Lat0001-1000_processed/train/00040/00040.jpg
image_label: data/Lat0001-1000_processed/train/00040/00040_label.jpg
