L1: 127.0,434.6667,154.66669,443.3333
L1_int: 127,434,154,443
S1: 147.0,625.3333,168.66669,605.6667
S1_int: 147,625,168,605
T12: 129.33331,428.0,157.33331,437.3333
T12_int: 129,428,157,437
T5: 188.0,232.0,215.33331,231.0
T5_int: 188,232,215,231
fem_center: 134.0,751.5
fem_center_int: 134,751
image: data/Lat0001-1000_processed/train/00997/00997.jpg
image_label: data/Lat0001-1000_processed/train/00997/00997_label.jpg
