L1: 134.33331,416.0,165.0,406.6667
L1_int: 134,416,165,406
S1: 159.33331,593.3333,190.0,613.0
S1_int: 159,593,190,613
T12: 132.33331,409.6667,162.33331,400.0
T12_int: 132,409,162,400
T5: 114.66669,192.6667,136.25,195.75
T5_int: 114,192,136,195
fem_center: 221.0,741.0
fem_center_int: 221,741
image: data/Lat0001-1000_processed/train/00691/00691.jpg
image_label: data/Lat0001-1000_processed/train/00691/00691_label.jpg
