L1: 154.33331,451.6667,180.66669,447.0
L1_int: 154,451,180,447
S1: 180.5,638.8333,217.5,668.5
S1_int: 180,638,217,668
T12: 151.0,441.3333,182.66669,437.6667
T12_int: 151,441,182,437
T5: 138.66669,207.33331,170.33331,210.33331
T5_int: 138,207,170,210
fem_center: 227.0,773.5
fem_center_int: 227,773
image: data/Lat0001-1000_processed/train/00658/00658.jpg
image_label: data/Lat0001-1000_processed/train/00658/00658_label.jpg
