L1: 114.0,404.6667,148.66669,412.6667
L1_int: 114,404,148,412
S1: 138.66669,651.3333,166.66669,620.3333
S1_int: 138,651,166,620
T12: 118.5,395.5,150.5,400.5
T12_int: 118,395,150,400
T5: 146.0,153.5,176.5,148.5
T5_int: 146,153,176,148
fem_center: 136.0,775.0
fem_center_int: 136,775
image: data/Lat0001-1000_processed/train/00131/00131.jpg
image_label: data/Lat0001-1000_processed/train/00131/00131_label.jpg
