L1: 215.33331,499.6667,251.0,503.6667
L1_int: 215,499,251,503
S1: 172.33331,687.6667,202.0,708.0
S1_int: 172,687,202,708
T12: 214.66669,488.0,246.66669,489.3333
T12_int: 214,488,246,489
T5: 170.66669,242.0,195.0,243.33331
T5_int: 170,242,195,243
fem_center: 229.5,819.25
fem_center_int: 229,819
image: data/Lat0001-1000_processed/train/00619/00619.jpg
image_label: data/Lat0001-1000_processed/train/00619/00619_label.jpg
