L1: 205.66669,455.3333,233.0,451.6667
L1_int: 205,455,233,451
S1: 191.0,617.0,212.0,634.0
S1_int: 191,617,212,634
T12: 204.0,448.6667,229.33331,443.6667
T12_int: 204,448,229,443
T5: 165.45831,255.66669,186.5,257.75
T5_int: 165,255,186,257
fem_center: 222.0,737.5
fem_center_int: 222,737
image: data/Lat0001-1000_processed/train/00918/00918.jpg
image_label: data/Lat0001-1000_processed/train/00918/00918_label.jpg
