L1: 170.5,471.75,205.33331,466.6667
L1_int: 170,471,205,466
S1: 163.25,667.25,193.25,680.75
S1_int: 163,667,193,680
T12: 169.25,461.25,204.5,454.5
T12_int: 169,461,204,454
T5: 163.33331,231.33331,192.0,238.33331
T5_int: 163,231,192,238
fem_center: 206.5,789.5
fem_center_int: 206,789
image: data/Lat0001-1000_processed/train/00962/00962.jpg
image_label: data/Lat0001-1000_processed/train/00962/00962_label.jpg
