L1: 163.0,475.0,195.0,471.0
L1_int: 163,475,195,471
S1: 165.33331,671.6667,197.33331,686.6667
S1_int: 165,671,197,686
T12: 159.0,467.0,192.5,462.5
T12_int: 159,467,192,462
T5: 133.08331,232.91669,158.25,231.08331
T5_int: 133,232,158,231
fem_center: 193.5,806.0
fem_center_int: 193,806
image: data/Lat0001-1000_processed/train/00460/00460.jpg
image_label: data/Lat0001-1000_processed/train/00460/00460_label.jpg
