L1: 229.33331,414.6667,257.6667,408.6667
L1_int: 229,414,257,408
S1: 213.0,607.0,242.33331,629.6667
S1_int: 213,607,242,629
T12: 226.66669,408.3333,257.6667,402.3333
T12_int: 226,408,257,402
T5: 179.66669,177.6667,207.66669,180.3333
T5_int: 179,177,207,180
fem_center: 253.0,748.5
fem_center_int: 253,748
image: data/Lat0001-1000_processed/train/00985/00985.jpg
image_label: data/Lat0001-1000_processed/train/00985/00985_label.jpg
