L1: 87.0,490.0,121.33331,501.6667
L1_int: 87,490,121,501
S1: 100.0,757.5,127.0,723.5
S1_int: 100,757,127,723
T12: 87.3333,486.3333,124.0,499.6667
T12_int: 87,486,124,499
T5: 142.66669,254.0,175.33331,249.0
T5_int: 142,254,175,249
fem_center: 77.0,840.5
fem_center_int: 77,840
image: data/Lat0001-1000_processed/train/00812/00812.jpg
image_label: data/Lat0001-1000_processed/train/00812/00812_label.jpg
