L1: 226.0,405.3333,270.0,416.6667
L1_int: 226,405,270,416
S1: 253.5,604.75,274.5,589.25
S1_int: 253,604,274,589
T12: 227.33331,392.3333,274.3333,405.0
T12_int: 227,392,274,405
T5: 198.66669,180.6667,235.33331,157.3333
T5_int: 198,180,235,157
fem_center: 240.0,696.5
fem_center_int: 240,696
image: data/Lat0001-1000_processed/train/00396/00396.jpg
image_label: data/Lat0001-1000_processed/train/00396/00396_label.jpg
