L1: 186.33331,387.3333,225.0,381.3333
L1_int: 186,387,225,381
S1: 172.33331,588.6667,208.33331,614.0
S1_int: 172,588,208,614
T12: 183.66669,378.0,221.0,371.3333
T12_int: 183,378,221,371
T5: 119.66669,135.3333,153.0,134.0
T5_int: 119,135,153,134
fem_center: 192.0,751.5
fem_center_int: 192,751
image: data/Lat0001-1000_processed/train/00130/00130.jpg
image_label: data/Lat0001-1000_processed/train/00130/00130_label.jpg
