L1: 139.0,444.3333,174.0,445.6667
L1_int: 139,444,174,445
S1: 126.66669,650.6667,158.33331,626.0
S1_int: 126,650,158,626
T12: 140.0,437.3333,172.0,438.3333
T12_int: 140,437,172,438
T5: 157.0,177.5,198.33331,176.6667
T5_int: 157,177,198,176
fem_center: 107.5,787.5
fem_center_int: 107,787
image: data/Lat0001-1000_processed/train/00672/00672.jpg
image_label: data/Lat0001-1000_processed/train/00672/00672_label.jpg
