L1: 174.0,404.6667,205.33331,402.6667
L1_int: 174,404,205,402
S1: 134.0,600.0,164.0,629.6667
S1_int: 134,600,164,629
T12: 172.33331,402.3333,204.33331,396.0
T12_int: 172,402,204,396
T5: 123.33331,174.6667,147.0,179.0
T5_int: 123,174,147,179
fem_center: 165.5,744.0
fem_center_int: 165,744
image: data/Lat0001-1000_processed/train/00742/00742.jpg
image_label: data/Lat0001-1000_processed/train/00742/00742_label.jpg
