L1: 218.33331,423.6667,251.0,422.3333
L1_int: 218,423,251,422
S1: 193.0,596.0,220.33331,620.0
S1_int: 193,596,220,620
T12: 215.0,416.0,247.0,412.6667
T12_int: 215,416,247,412
T5: 185.66669,178.3333,207.33331,178.6667
T5_int: 185,178,207,178
fem_center: 226.0,726.5
fem_center_int: 226,726
image: data/Lat0001-1000_processed/train/00730/00730.jpg
image_label: data/Lat0001-1000_processed/train/00730/00730_label.jpg
