L1: 154.0,473.0,186.0,466.3333
L1_int: 154,473,186,466
S1: 175.33331,658.6667,204.0,671.0
S1_int: 175,658,204,671
T12: 154.0,461.3333,185.33331,458.0
T12_int: 154,461,185,458
T5: 127.33331,247.66669,148.66669,250.33331
T5_int: 127,247,148,250
fem_center: 206.0,788.5
fem_center_int: 206,788
image: data/Lat0001-1000_processed/train/00572/00572.jpg
image_label: data/Lat0001-1000_processed/train/00572/00572_label.jpg
