L1: 145.66669,430.6667,176.66669,424.0
L1_int: 145,430,176,424
S1: 154.66669,610.6667,180.0,634.0
S1_int: 154,610,180,634
T12: 142.66669,424.0,176.33331,416.6667
T12_int: 142,424,176,416
T5: 124.5,198.0,149.0,201.5
T5_int: 124,198,149,201
fem_center: 186.0,747.5
fem_center_int: 186,747
image: data/Lat0001-1000_processed/train/00487/00487.jpg
image_label: data/Lat0001-1000_processed/train/00487/00487_label.jpg
