L1: 141.5,434.5,172.0,443.0
L1_int: 141,434,172,443
S1: 175.0,646.5,203.5,621.5
S1_int: 175,646,203,621
T12: 145.0,423.5,177.5,433.0
T12_int: 145,423,177,433
T5: 198.33331,205.33331,228.33331,203.6667
T5_int: 198,205,228,203
fem_center: 211.5,766.0
fem_center_int: 211,766
image: data/Lat0001-1000_processed/train/00879/00879.jpg
image_label: data/Lat0001-1000_processed/train/00879/00879_label.jpg
