L1: 138.33331,428.6667,172.0,425.0
L1_int: 138,428,172,425
S1: 153.33331,613.0,189.33331,632.6667
S1_int: 153,613,189,632
T12: 137.0,418.6667,169.33331,416.3333
T12_int: 137,418,169,416
T5: 124.0,192.5,146.5,194.25
T5_int: 124,192,146,194
fem_center: 193.75,746.5
fem_center_int: 193,746
image: data/Lat0001-1000_processed/train/00443/00443.jpg
image_label: data/Lat0001-1000_processed/train/00443/00443_label.jpg
