L1: 149.33331,437.6667,182.0,439.6667
L1_int: 149,437,182,439
S1: 198.66669,646.0,217.33331,622.0
S1_int: 198,646,217,622
T12: 150.0,430.0,181.0,432.6667
T12_int: 150,430,181,432
T5: 167.0,200.6667,184.66669,196.6667
T5_int: 167,200,184,196
fem_center: 191.5,757.0
fem_center_int: 191,757
image: data/Lat0001-1000_processed/train/00687/00687.jpg
image_label: data/Lat0001-1000_processed/train/00687/00687_label.jpg
