L1: 200.33331,450.0,230.0,446.0
L1_int: 200,450,230,446
S1: 208.33331,629.3333,237.0,650.3333
S1_int: 208,629,237,650
T12: 198.0,445.3333,228.0,441.6667
T12_int: 198,445,228,441
T5: 194.33331,215.33331,215.0,221.66669
T5_int: 194,215,215,221
fem_center: 226.0,757.0
fem_center_int: 226,757
image: data/Lat0001-1000_processed/train/01000/01000.jpg
image_label: data/Lat0001-1000_processed/train/01000/01000_label.jpg
