L1: 127.66669,436.6667,156.0,426.6667
L1_int: 127,436,156,426
S1: 138.66669,616.3333,169.33331,636.6667
S1_int: 138,616,169,636
T12: 123.0,426.0,154.0,416.6667
T12_int: 123,426,154,416
T5: 110.0,193.5,136.66669,200.0
T5_int: 110,193,136,200
fem_center: 172.0,751.5
fem_center_int: 172,751
image: data/Lat0001-1000_processed/train/00370/00370.jpg
image_label: data/Lat0001-1000_processed/train/00370/00370_label.jpg
