L1: 129.33331,416.0,154.66669,410.0
L1_int: 129,416,154,410
S1: 166.0,608.6667,194.0,626.6667
S1_int: 166,608,194,626
T12: 121.33331,409.0,157.0,406.0
T12_int: 121,409,157,406
T5: 121.5,160.5,146.0,165.5
T5_int: 121,160,146,165
fem_center: 184.5,706.5
fem_center_int: 184,706
image: data/Lat0001-1000_processed/train/00077/00077.jpg
image_label: data/Lat0001-1000_processed/train/00077/00077_label.jpg
