L1: 192.33331,465.3333,226.0,459.3333
L1_int: 192,465,226,459
S1: 177.33331,643.6667,205.66669,671.3333
S1_int: 177,643,205,671
T12: 190.0,458.0,224.0,448.6667
T12_int: 190,458,224,448
T5: 142.66669,231.33331,172.0,233.0
T5_int: 142,231,172,233
fem_center: 186.0,787.0
fem_center_int: 186,787
image: data/Lat0001-1000_processed/train/00798/00798.jpg
image_label: data/Lat0001-1000_processed/train/00798/00798_label.jpg
