L1: 173.66669,431.3333,205.66669,424.6667
L1_int: 173,431,205,424
S1: 184.66669,627.3333,205.0,652.3333
S1_int: 184,627,205,652
T12: 170.5,424.3333,203.66669,418.0
T12_int: 170,424,203,418
T5: 156.33331,150.3333,183.66669,152.3333
T5_int: 156,150,183,152
fem_center: 201.5,779.0
fem_center_int: 201,779
image: data/Lat0001-1000_processed/train/00880/00880.jpg
image_label: data/Lat0001-1000_processed/train/00880/00880_label.jpg
