L1: 273.6667,440.6667,305.6667,437.3333
L1_int: 273,440,305,437
S1: 233.83331,606.0,248.33331,630.0
S1_int: 233,606,248,630
T12: 270.3333,434.6667,304.3333,428.6667
T12_int: 270,434,304,428
T5: 239.66669,213.0,273.6667,216.33331
T5_int: 239,213,273,216
fem_center: 241.0,728.0
fem_center_int: 241,728
image: data/Lat0001-1000_processed/train/00989/00989.jpg
image_label: data/Lat0001-1000_processed/train/00989/00989_label.jpg
