L1: 157.33331,414.6667,193.33331,414.6667
L1_int: 157,414,193,414
S1: 178.66669,657.3333,214.66669,674.0
S1_int: 178,657,214,674
T12: 152.0,404.0,192.0,401.3333
T12_int: 152,404,192,401
T5: 141.33331,124.6667,180.0,130.6667
T5_int: 141,124,180,130
fem_center: 245.0,804.5
fem_center_int: 245,804
image: data/Lat0001-1000_processed/train/00169/00169.jpg
image_label: data/Lat0001-1000_processed/train/00169/00169_label.jpg
