L1: 210.33331,450.0,239.33331,446.0
L1_int: 210,450,239,446
S1: 182.0,625.6667,199.66669,657.3333
S1_int: 182,625,199,657
T12: 206.0,442.3333,239.33331,435.6667
T12_int: 206,442,239,435
T5: 172.66669,209.33331,205.33331,215.33331
T5_int: 172,209,205,215
fem_center: 202.0,768.5
fem_center_int: 202,768
image: data/Lat0001-1000_processed/train/00724/00724.jpg
image_label: data/Lat0001-1000_processed/train/00724/00724_label.jpg
