L1: 119.33331,470.6667,147.33331,457.6667
L1_int: 119,470,147,457
S1: 189.83331,631.1667,214.0,648.0
S1_int: 189,631,214,648
T12: 117.33331,464.3333,145.0,451.6667
T12_int: 117,464,145,451
T5: 92.5,256.5,117.5,263.5
T5_int: 92,256,117,263
fem_center: 212.75,771.75
fem_center_int: 212,771
image: data/Lat0001-1000_processed/train/00553/00553.jpg
image_label: data/Lat0001-1000_processed/train/00553/00553_label.jpg
