L1: 142.66669,445.0,174.0,441.6667
L1_int: 142,445,174,441
S1: 132.0,619.6667,154.0,640.3333
S1_int: 132,619,154,640
T12: 140.66669,435.6667,173.0,433.6667
T12_int: 140,435,173,433
T5: 120.33331,221.33331,149.33331,222.0
T5_int: 120,221,149,222
fem_center: 176.0,735.5
fem_center_int: 176,735
image: data/Lat0001-1000_processed/train/00601/00601.jpg
image_label: data/Lat0001-1000_processed/train/00601/00601_label.jpg
