L1: 101.33331,470.3333,131.0,473.3333
L1_int: 101,470,131,473
S1: 114.66669,686.0,138.66669,664.6667
S1_int: 114,686,138,664
T12: 103.0,466.6667,132.33331,469.0
T12_int: 103,466,132,469
T5: 116.66669,253.33331,148.66669,246.33331
T5_int: 116,253,148,246
fem_center: 119.0,801.25
fem_center_int: 119,801
image: data/Lat0001-1000_processed/train/00533/00533.jpg
image_label: data/Lat0001-1000_processed/train/00533/00533_label.jpg
