L1: 173.0,447.0,205.0,440.6667
L1_int: 173,447,205,440
S1: 152.5,647.0,182.0,670.5
S1_int: 152,647,182,670
T12: 171.66669,442.0,198.66669,436.3333
T12_int: 171,442,198,436
T5: 115.0,183.0,149.33331,185.3333
T5_int: 115,183,149,185
fem_center: 161.0,817.0
fem_center_int: 161,817
image: data/Lat0001-1000_processed/train/00631/00631.jpg
image_label: data/Lat0001-1000_processed/train/00631/00631_label.jpg
