L1: 176.33331,448.6667,207.0,454.3333
L1_int: 176,448,207,454
S1: 165.66669,648.3333,189.66669,631.6667
S1_int: 165,648,189,631
T12: 180.33331,442.3333,208.33331,448.6667
T12_int: 180,442,208,448
T5: 210.0,235.33331,234.33331,234.0
T5_int: 210,235,234,234
fem_center: 170.5,769.5
fem_center_int: 170,769
image: data/Lat0001-1000_processed/train/00779/00779.jpg
image_label: data/Lat0001-1000_processed/train/00779/00779_label.jpg
