L1: 131.0,453.6667,166.0,458.0
L1_int: 131,453,166,458
S1: 138.66669,674.3333,166.33331,646.3333
S1_int: 138,674,166,646
T12: 133.33331,446.3333,168.33331,452.3333
T12_int: 133,446,168,452
T5: 165.66669,201.0,194.33331,200.3333
T5_int: 165,201,194,200
fem_center: 150.0,797.0
fem_center_int: 150,797
image: data/Lat0001-1000_processed/train/00875/00875.jpg
image_label: data/Lat0001-1000_processed/train/00875/00875_label.jpg
