L1: 145.25,433.0,172.0,431.6667
L1_int: 145,433,172,431
S1: 141.33331,582.3333,159.33331,595.3333
S1_int: 141,582,159,595
T12: 144.5,423.75,174.375,425.25
T12_int: 144,423,174,425
T5: 129.66669,239.33331,155.5,241.25
T5_int: 129,239,155,241
fem_center: 160.5,686.5
fem_center_int: 160,686
image: data/Lat0001-1000_processed/train/00031/00031.jpg
image_label: data/Lat0001-1000_processed/train/00031/00031_label.jpg
