L1: 148.16669,465.0,177.16669,462.3333
L1_int: 148,465,177,462
S1: 161.33331,653.0,187.16669,674.8333
S1_int: 161,653,187,674
T12: 146.66669,455.0,176.0,452.6667
T12_int: 146,455,176,452
T5: 142.5,221.75,167.0,227.25
T5_int: 142,221,167,227
fem_center: 196.0,786.0
fem_center_int: 196,786
image: data/Lat0001-1000_processed/train/00467/00467.jpg
image_label: data/Lat0001-1000_processed/train/00467/00467_label.jpg
