L1: 53.465645,421.60168,104.76335,415.9427
L1_int: 53,421,104,415
S1: 104.015274,615.7224,147.29771,632.25287
S1_int: 104,615,147,632
T12: 47.05342,412.66632,104.33588,405.8159
T12_int: 47,412,104,405
T5: 64.580154,160.83807,107.75574,167.98636
T5_int: 64,160,107,167
fem_center: 161.08397,755.56085
fem_center_int: 161,755
image: data/Lat0001-1000_processed/train/00325/00325.jpg
image_label: data/Lat0001-1000_processed/train/00325/00325_label.jpg
