L1: 140.33331,462.3333,172.33331,453.0
L1_int: 140,462,172,453
S1: 164.33331,660.3333,197.33331,675.6667
S1_int: 164,660,197,675
T12: 138.33331,455.0,172.33331,445.0
T12_int: 138,455,172,445
T5: 107.66669,219.0,132.66669,222.0
T5_int: 107,219,132,222
fem_center: 220.0,801.0
fem_center_int: 220,801
image: data/Lat0001-1000_processed/train/00512/00512.jpg
image_label: data/Lat0001-1000_processed/train/00512/00512_label.jpg
