L1: 169.5,442.89963,200.5,439.77695
L1_int: 169,442,200,439
S1: 161.5,633.9033,187.5,650.5576
S1_int: 161,633,187,650
T12: 171.0,434.57248,199.0,430.92938
T12_int: 171,434,199,430
T5: 121.0,219.1078,153.0,214.94424
T5_int: 121,219,153,214
fem_center: 207.0,761.41266
fem_center_int: 207,761
image: data/Lat0001-1000_processed/train/00013/00013.jpg
image_label: data/Lat0001-1000_processed/train/00013/00013_label.jpg
