L1: 208.0,476.3333,247.0,491.6667
L1_int: 208,476,247,491
S1: 195.33331,687.3333,230.66669,665.3333
S1_int: 195,687,230,665
T12: 212.0,468.3333,248.66669,487.6667
T12_int: 212,468,248,487
T5: 231.0,261.6667,257.6667,250.66669
T5_int: 231,261,257,250
fem_center: 185.5,791.0
fem_center_int: 185,791
image: data/Lat0001-1000_processed/train/00922/00922.jpg
image_label: data/Lat0001-1000_processed/train/00922/00922_label.jpg
