L1: 121.66669,476.3333,156.33331,464.0
L1_int: 121,476,156,464
S1: 181.33331,649.6667,213.33331,671.6667
S1_int: 181,649,213,671
T12: 118.33331,469.3333,153.0,458.3333
T12_int: 118,469,153,458
T5: 118.0,234.0,147.66669,241.0
T5_int: 118,234,147,241
fem_center: 189.5,791.0
fem_center_int: 189,791
image: data/Lat0001-1000_processed/train/00663/00663.jpg
image_label: data/Lat0001-1000_processed/train/00663/00663_label.jpg
