L1: 180.33331,445.3333,217.0,436.0
L1_int: 180,445,217,436
S1: 192.0,634.3333,218.0,662.6667
S1_int: 192,634,218,662
T12: 176.66669,437.6667,210.33331,428.6667
T12_int: 176,437,210,428
T5: 141.75,193.25,164.5,196.25
T5_int: 141,193,164,196
fem_center: 208.5,777.0
fem_center_int: 208,777
image: data/Lat0001-1000_processed/train/00968/00968.jpg
image_label: data/Lat0001-1000_processed/train/00968/00968_label.jpg
