L1: 191.0,426.0,225.66669,427.6667
L1_int: 191,426,225,427
S1: 187.66669,605.0,219.0,631.6667
S1_int: 187,605,219,631
T12: 191.66669,420.6667,226.66669,418.3333
T12_int: 191,420,226,418
T5: 173.66669,196.6667,198.33331,197.6667
T5_int: 173,196,198,197
fem_center: 223.75,734.25
fem_center_int: 223,734
image: data/Lat0001-1000_processed/train/00526/00526.jpg
image_label: data/Lat0001-1000_processed/train/00526/00526_label.jpg
