L1: 174.33331,465.0,208.66669,470.0
L1_int: 174,465,208,470
S1: 172.33331,700.0,202.66669,678.6667
S1_int: 172,700,202,678
T12: 176.0,453.3333,211.0,460.3333
T12_int: 176,453,211,460
T5: 194.33331,192.3333,226.66669,191.3333
T5_int: 194,192,226,191
fem_center: 162.5,831.0
fem_center_int: 162,831
image: data/Lat0001-1000_processed/train/00275/00275.jpg
image_label: data/Lat0001-1000_processed/train/00275/00275_label.jpg
