L1: 152.6667,494.0,187.66669,499.6667
L1_int: 152,494,187,499
S1: 156.3333,718.6667,186.33331,692.6667
S1_int: 156,718,186,692
T12: 154.3333,486.3333,189.0,490.6667
T12_int: 154,486,189,490
T5: 160.33331,252.0,193.66669,244.0
T5_int: 160,252,193,244
fem_center: 142.0,817.0
fem_center_int: 142,817
image: data/Lat0001-1000_processed/train/00884/00884.jpg
image_label: data/Lat0001-1000_processed/train/00884/00884_label.jpg
