L1: 146.33331,420.3333,175.66669,416.3333
L1_int: 146,420,175,416
S1: 146.33331,607.0,173.0,625.3333
S1_int: 146,607,173,625
T12: 143.33331,408.6667,174.33331,406.6667
T12_int: 143,408,174,406
T5: 124.0,195.0,147.66669,197.3333
T5_int: 124,195,147,197
fem_center: 186.0,744.5
fem_center_int: 186,744
image: data/Lat0001-1000_processed/train/00688/00688.jpg
image_label: data/Lat0001-1000_processed/train/00688/00688_label.jpg
