L1: 107.33331,446.6667,141.66669,435.6667
L1_int: 107,446,141,435
S1: 97.0,628.6667,131.66669,657.6667
S1_int: 97,628,131,657
T12: 103.33331,437.3333,139.66669,426.3333
T12_int: 103,437,139,426
T5: 87.3333,199.6667,111.66669,206.0
T5_int: 87,199,111,206
fem_center: 177.0,746.5
fem_center_int: 177,746
image: data/Lat0001-1000_processed/train/00709/00709.jpg
image_label: data/Lat0001-1000_processed/train/00709/00709_label.jpg
