L1: 169.0,428.0,199.0,424.3333
L1_int: 169,428,199,424
S1: 151.66669,616.6667,175.33331,641.3333
S1_int: 151,616,175,641
T12: 165.0,421.0,195.0,415.3333
T12_int: 165,421,195,415
T5: 118.75,199.75,144.25,199.25
T5_int: 118,199,144,199
fem_center: 207.5,741.5
fem_center_int: 207,741
image: data/Lat0001-1000_processed/train/00743/00743.jpg
image_label: data/Lat0001-1000_processed/train/00743/00743_label.jpg
