L1: 180.66669,420.0,212.0,430.6667
L1_int: 180,420,212,430
S1: 174.66669,655.3333,201.33331,631.3333
S1_int: 174,655,201,631
T12: 182.66669,410.0,216.0,421.3333
T12_int: 182,410,216,421
T5: 232.33331,160.6667,262.3333,158.6667
T5_int: 232,160,262,158
fem_center: 170.0,789.5
fem_center_int: 170,789
image: data/Lat0001-1000_processed/train/00016/00016.jpg
image_label: data/Lat0001-1000_processed/train/00016/00016_label.jpg
