L1: 109.0,491.6667,149.66669,479.3333
L1_int: 109,491,149,479
S1: 168.33331,682.6667,206.66669,704.6667
S1_int: 168,682,206,704
T12: 107.0,485.3333,147.0,469.3333
T12_int: 107,485,147,469
T5: 106.0,237.75,132.25,250.25
T5_int: 106,237,132,250
fem_center: 189.5,809.0
fem_center_int: 189,809
image: data/Lat0001-1000_processed/train/00746/00746.jpg
image_label: data/Lat0001-1000_processed/train/00746/00746_label.jpg
