L1: 111.33331,481.3333,142.0,492.0
L1_int: 111,481,142,492
S1: 98.0,702.0,126.66669,688.0
S1_int: 98,702,126,688
T12: 115.33331,472.3333,146.33331,484.0
T12_int: 115,472,146,484
T5: 176.0,233.33331,201.0,231.33331
T5_int: 176,233,201,231
fem_center: 43.5,832.5
fem_center_int: 43,832
image: data/Lat0001-1000_processed/train/00845/00845.jpg
image_label: data/Lat0001-1000_processed/train/00845/00845_label.jpg
