L1: 113.33331,512.6667,150.66669,521.3333
L1_int: 113,512,150,521
S1: 100.0,776.6667,137.33331,755.6667
S1_int: 100,776,137,755
T12: 115.33331,502.0,154.66669,510.6667
T12_int: 115,502,154,510
T5: 150.0,247.66669,174.33331,246.66669
T5_int: 150,247,174,246
fem_center: 80.5,838.0
fem_center_int: 80,838
image: data/Lat0001-1000_processed/train/00863/00863.jpg
image_label: data/Lat0001-1000_processed/train/00863/00863_label.jpg
