L1: 160.0,446.5,186.5,445.5
L1_int: 160,446,186,445
S1: 157.0,643.0,186.0,664.0
S1_int: 157,643,186,664
T12: 161.0,437.5,193.0,436.5
T12_int: 161,437,193,436
T5: 132.66669,179.1667,154.66669,180.1667
T5_int: 132,179,154,180
fem_center: 196.0,786.0
fem_center_int: 196,786
image: data/Lat0001-1000_processed/train/00479/00479.jpg
image_label: data/Lat0001-1000_processed/train/00479/00479_label.jpg
