L1: 168.0,406.6667,198.66669,402.3333
L1_int: 168,406,198,402
S1: 162.66669,569.3333,186.0,590.6667
S1_int: 162,569,186,590
T12: 166.66669,395.6667,195.33331,392.3333
T12_int: 166,395,195,392
T5: 146.0,195.6667,172.66669,200.0
T5_int: 146,195,172,200
fem_center: 160.5,706.5
fem_center_int: 160,706
image: data/Lat0001-1000_processed/train/00655/00655.jpg
image_label: data/Lat0001-1000_processed/train/00655/00655_label.jpg
