L1: 176.0,422.5,202.33331,424.5
L1_int: 176,422,202,424
S1: 190.75,629.5,217.0,603.25
S1_int: 190,629,217,603
T12: 176.33331,415.5,204.0,418.8333
T12_int: 176,415,204,418
T5: 193.5,204.75,219.75,201.75
T5_int: 193,204,219,201
fem_center: 191.0,745.0
fem_center_int: 191,745
image: data/Lat0001-1000_processed/train/00960/00960.jpg
image_label: data/Lat0001-1000_processed/train/00960/00960_label.jpg
