L1: 127.5,417.5,158.0,428.0
L1_int: 127,417,158,428
S1: 131.33331,664.6667,163.66669,640.6667
S1_int: 131,664,163,640
T12: 129.33331,411.6667,160.0,422.3333
T12_int: 129,411,160,422
T5: 204.75,188.5,233.5,188.75
T5_int: 204,188,233,188
fem_center: 129.0,821.5
fem_center_int: 129,821
image: data/Lat0001-1000_processed/train/00864/00864.jpg
image_label: data/Lat0001-1000_processed/train/00864/00864_label.jpg
