L1: 209.0,468.6667,241.66669,464.0
L1_int: 209,468,241,464
S1: 190.66669,647.0,220.0,675.3333
S1_int: 190,647,220,675
T12: 207.33331,459.6667,239.66669,451.0
T12_int: 207,459,239,451
T5: 135.25,235.25,165.25,235.25
T5_int: 135,235,165,235
fem_center: 221.25,768.75
fem_center_int: 221,768
image: data/Lat0001-1000_processed/train/00770/00770.jpg
image_label: data/Lat0001-1000_processed/train/00770/00770_label.jpg
