L1: 161.0,443.0,191.33331,437.0
L1_int: 161,443,191,437
S1: 178.33331,623.0,211.0,641.3333
S1_int: 178,623,211,641
T12: 157.66669,435.6667,190.33331,427.6667
T12_int: 157,435,190,427
T5: 150.33331,210.66669,176.33331,219.66669
T5_int: 150,210,176,219
fem_center: 195.5,745.0
fem_center_int: 195,745
image: data/Lat0001-1000_processed/train/00731/00731.jpg
image_label: data/Lat0001-1000_processed/train/00731/00731_label.jpg
