L1: 128.0,455.6667,159.33331,458.6667
L1_int: 128,455,159,458
S1: 136.0,650.0,159.66669,631.3333
S1_int: 136,650,159,631
T12: 130.66669,448.0,158.33331,453.3333
T12_int: 130,448,158,453
T5: 155.0,244.0,172.66669,240.0
T5_int: 155,244,172,240
fem_center: 120.0,768.0
fem_center_int: 120,768
image: data/Lat0001-1000_processed/train/00532/00532.jpg
image_label: data/Lat0001-1000_processed/train/00532/00532_label.jpg
