L1: 130.5,466.0,160.5,456.0
L1_int: 130,466,160,456
S1: 166.66669,659.0,198.33331,686.0
S1_int: 166,659,198,686
T12: 126.5,461.0,157.5,450.5
T12_int: 126,461,157,450
T5: 90.5,220.5,110.0,225.0
T5_int: 90,220,110,225
fem_center: 175.75,793.75
fem_center_int: 175,793
image: data/Lat0001-1000_processed/train/00483/00483.jpg
image_label: data/Lat0001-1000_processed/train/00483/00483_label.jpg
