L1: 172.0,443.6667,207.0,435.3333
L1_int: 172,443,207,435
S1: 160.33331,630.3333,190.0,654.3333
S1_int: 160,630,190,654
T12: 172.0,436.0,203.33331,428.6667
T12_int: 172,436,203,428
T5: 143.0,204.75,172.0,212.75
T5_int: 143,204,172,212
fem_center: 186.0,791.0
fem_center_int: 186,791
image: data/Lat0001-1000_processed/train/00969/00969.jpg
image_label: data/Lat0001-1000_processed/train/00969/00969_label.jpg
