L1: 181.66669,436.6667,211.33331,433.3333
L1_int: 181,436,211,433
S1: 176.66669,608.6667,203.33331,630.6667
S1_int: 176,608,203,630
T12: 178.66669,426.6667,212.0,422.6667
T12_int: 178,426,212,422
T5: 149.33331,208.0,175.33331,209.66669
T5_int: 149,208,175,209
fem_center: 207.0,738.5
fem_center_int: 207,738
image: data/Lat0001-1000_processed/train/00799/00799.jpg
image_label: data/Lat0001-1000_processed/train/00799/00799_label.jpg
