L1: 120.0,437.3333,157.33331,432.0
L1_int: 120,437,157,432
S1: 135.33331,655.3333,170.0,678.0
S1_int: 135,655,170,678
T12: 114.66669,427.3333,153.33331,420.6667
T12_int: 114,427,153,420
T5: 94.0,154.6667,132.66669,161.3333
T5_int: 94,154,132,161
fem_center: 197.5,797.5
fem_center_int: 197,797
image: data/Lat0001-1000_processed/train/00115/00115.jpg
image_label: data/Lat0001-1000_processed/train/00115/00115_label.jpg
