L1: 167.0,426.3333,197.66669,424.6667
L1_int: 167,426,197,424
S1: 186.33331,603.0,213.33331,623.0
S1_int: 186,603,213,623
T12: 166.33331,420.3333,197.66669,416.6667
T12_int: 166,420,197,416
T5: 158.33331,214.66669,185.0,222.0
T5_int: 158,214,185,222
fem_center: 200.5,745.0
fem_center_int: 200,745
image: data/Lat0001-1000_processed/train/00998/00998.jpg
image_label: data/Lat0001-1000_processed/train/00998/00998_label.jpg
