L1: 161.0,413.5,190.0,421.5
L1_int: 161,413,190,421
S1: 178.33331,628.3333,205.66669,604.0
S1_int: 178,628,205,604
T12: 160.5,407.0,192.5,417.0
T12_int: 160,407,192,417
T5: 214.66669,184.3333,244.66669,182.3333
T5_int: 214,184,244,182
fem_center: 169.75,761.25
fem_center_int: 169,761
image: data/Lat0001-1000_processed/train/00295/00295.jpg
image_label: data/Lat0001-1000_processed/train/00295/00295_label.jpg
