L1: 146.33331,432.3333,172.33331,425.0
L1_int: 146,432,172,425
S1: 176.66669,597.3333,206.0,617.3333
S1_int: 176,597,206,617
T12: 140.33331,422.6667,170.33331,415.0
T12_int: 140,422,170,415
T5: 126.0,204.66669,156.0,215.33331
T5_int: 126,204,156,215
fem_center: 208.5,739.0
fem_center_int: 208,739
image: data/Lat0001-1000_processed/train/00722/00722.jpg
image_label: data/Lat0001-1000_processed/train/00722/00722_label.jpg
