L1: 145.33331,433.6667,174.33331,426.6667
L1_int: 145,433,174,426
S1: 162.0,620.0,192.66669,641.3333
S1_int: 162,620,192,641
T12: 140.33331,423.6667,174.0,418.3333
T12_int: 140,423,174,418
T5: 119.33331,193.8333,155.66669,198.0
T5_int: 119,193,155,198
fem_center: 214.0,774.0
fem_center_int: 214,774
image: data/Lat0001-1000_processed/train/00676/00676.jpg
image_label: data/Lat0001-1000_processed/train/00676/00676_label.jpg
