L1: 139.33331,448.6667,170.0,443.6667
L1_int: 139,448,170,443
S1: 164.0,639.0,194.66669,655.6667
S1_int: 164,639,194,655
T12: 135.66669,442.0,171.0,437.0
T12_int: 135,442,171,437
T5: 126.0,208.33331,149.0,215.5
T5_int: 126,208,149,215
fem_center: 178.5,769.5
fem_center_int: 178,769
image: data/Lat0001-1000_processed/train/00679/00679.jpg
image_label: data/Lat0001-1000_processed/train/00679/00679_label.jpg
