L1: 184.33331,426.0,215.33331,423.3333
L1_int: 184,426,215,423
S1: 168.66669,605.3333,197.0,624.6667
S1_int: 168,605,197,624
T12: 183.33331,418.3333,211.66669,413.6667
T12_int: 183,418,211,413
T5: 172.0,209.33331,190.0,210.66669
T5_int: 172,209,190,210
fem_center: 214.0,729.0
fem_center_int: 214,729
image: data/Lat0001-1000_processed/train/00528/00528.jpg
image_label: data/Lat0001-1000_processed/train/00528/00528_label.jpg
