L1: 159.33331,446.6667,192.0,445.3333
L1_int: 159,446,192,445
S1: 173.0,646.0,207.33331,662.3333
S1_int: 173,646,207,662
T12: 156.33331,442.0,191.66669,436.6667
T12_int: 156,442,191,436
T5: 129.66669,217.33331,160.66669,219.66669
T5_int: 129,217,160,219
fem_center: 213.0,769.0
fem_center_int: 213,769
image: data/Lat0001-1000_processed/train/00725/00725.jpg
image_label: data/Lat0001-1000_processed/train/00725/00725_label.jpg
