L1: 136.26169,425.61005,179.25233,415.51874
L1_int: 136,425,179,415
S1: 185.23366,608.622,225.98131,625.34467
S1_int: 185,608,225,625
T12: 131.7757,418.3299,175.1402,409.10358
T12_int: 131,418,175,409
T5: 104.20561,196.68277,139.3458,197.4036
T5_int: 104,196,139,197
fem_center: 198.0841,740.31287
fem_center_int: 198,740
image: data/Lat0001-1000_processed/train/00549/00549.jpg
image_label: data/Lat0001-1000_processed/train/00549/00549_label.jpg
