L1: 163.0,402.6667,191.0,400.0
L1_int: 163,402,191,400
S1: 163.0,580.3333,185.66669,598.0
S1_int: 163,580,185,598
T12: 160.0,398.6667,189.66669,392.6667
T12_int: 160,398,189,392
T5: 129.33331,193.3333,149.33331,193.6667
T5_int: 129,193,149,193
fem_center: 186.5,722.0
fem_center_int: 186,722
image: data/Lat0001-1000_processed/train/00571/00571.jpg
image_label: data/Lat0001-1000_processed/train/00571/00571_label.jpg
