L1: 230.66669,465.0,263.5,459.5
L1_int: 230,465,263,459
S1: 221.33331,644.6667,251.33331,676.3333
S1_int: 221,644,251,676
T12: 226.66669,453.3333,260.0,450.6667
T12_int: 226,453,260,450
T5: 205.5,213.5,230.0,217.5
T5_int: 205,213,230,217
fem_center: 220.5,786.0
fem_center_int: 220,786
image: data/Lat0001-1000_processed/train/00272/00272.jpg
image_label: data/Lat0001-1000_processed/train/00272/00272_label.jpg
