L1: 155.0,461.3333,184.33331,453.0
L1_int: 155,461,184,453
S1: 167.0,658.6667,197.66669,680.3333
S1_int: 167,658,197,680
T12: 150.33331,453.6667,184.0,445.6667
T12_int: 150,453,184,445
T5: 125.66669,208.33331,146.0,213.33331
T5_int: 125,208,146,213
fem_center: 215.5,794.0
fem_center_int: 215,794
image: data/Lat0001-1000_processed/train/00359/00359.jpg
image_label: data/Lat0001-1000_processed/train/00359/00359_label.jpg
