L1: 159.16869,393.54483,194.253,391.9154
L1_int: 159,393,194,391
S1: 141.6265,615.30597,178.06024,635.83636
S1_int: 141,615,178,635
T12: 156.80722,387.10867,194.253,384.17578
T12_int: 156,387,194,384
T5: 139.6024,125.26434,169.96385,132.4337
T5_int: 139,125,169,132
fem_center: 174.68675,769.61
fem_center_int: 174,769
image: data/Lat0001-1000_processed/train/00575/00575.jpg
image_label: data/Lat0001-1000_processed/train/00575/00575_label.jpg
