L1: 123.33331,428.0,156.33331,423.3333
L1_int: 123,428,156,423
S1: 171.66669,612.3333,198.33331,630.0
S1_int: 171,612,198,630
T12: 122.66669,421.0,151.66669,415.6667
T12_int: 122,421,151,415
T5: 119.0,205.25,146.5,207.5
T5_int: 119,205,146,207
fem_center: 191.0,762.0
fem_center_int: 191,762
image: data/Lat0001-1000_processed/train/00556/00556.jpg
image_label: data/Lat0001-1000_processed/train/00556/00556_label.jpg
