L1: 153.0,468.0,187.0,463.5
L1_int: 153,468,187,463
S1: 157.66669,662.3333,186.66669,686.0
S1_int: 157,662,186,686
T12: 149.0,461.5,184.0,455.5
T12_int: 149,461,184,455
T5: 104.0,231.5,132.0,233.0
T5_int: 104,231,132,233
fem_center: 175.5,812.0
fem_center_int: 175,812
image: data/Lat0001-1000_processed/train/00340/00340.jpg
image_label: data/Lat0001-1000_processed/train/00340/00340_label.jpg
