L1: 194.0479,403.13254,224.0593,397.02814
L1_int: 194,403,224,397
S1: 182.55417,584.5783,209.05359,609.63855
S1_int: 182,584,209,609
T12: 192.13228,396.70682,220.86658,387.06827
T12_int: 192,396,220,387
T5: 149.9886,207.22891,177.7651,212.04819
T5_int: 149,207,177,212
fem_center: 212.20639,746.0241
fem_center_int: 212,746
image: data/Lat0001-1000_processed/train/00608/00608.jpg
image_label: data/Lat0001-1000_processed/train/00608/00608_label.jpg
