L1: 151.66669,392.0,192.33331,390.6667
L1_int: 151,392,192,390
S1: 173.66669,628.0,211.66669,648.0
S1_int: 173,628,211,648
T12: 151.0,385.3333,188.33331,382.6667
T12_int: 151,385,188,382
T5: 135.0,138.6667,165.66669,142.0
T5_int: 135,138,165,142
fem_center: 232.5,781.5
fem_center_int: 232,781
image: data/Lat0001-1000_processed/train/00049/00049.jpg
image_label: data/Lat0001-1000_processed/train/00049/00049_label.jpg
