L1: 137.0,421.0,174.0,405.0
L1_int: 137,421,174,405
S1: 219.0,618.0,255.0,635.0
S1_int: 219,618,255,635
T12: 131.0,411.5,166.0,394.5
T12_int: 131,411,166,394
T5: 93.33331,143.6667,115.33331,149.6667
T5_int: 93,143,115,149
fem_center: 274.0,713.0
fem_center_int: 274,713
image: data/Lat0001-1000_processed/train/00296/00296.jpg
image_label: data/Lat0001-1000_processed/train/00296/00296_label.jpg
