L1: 133.0,467.0,163.0,465.0
L1_int: 133,467,163,465
S1: 142.33331,658.3333,174.66669,671.3333
S1_int: 142,658,174,671
T12: 130.66669,459.0,160.33331,456.6667
T12_int: 130,459,160,456
T5: 86.5,240.0,115.0,242.5
T5_int: 86,240,115,242
fem_center: 185.75,798.75
fem_center_int: 185,798
image: data/Lat0001-1000_processed/train/00514/00514.jpg
image_label: data/Lat0001-1000_processed/train/00514/00514_label.jpg
