L1: 135.0,469.3333,167.83331,473.5
L1_int: 135,469,167,473
S1: 177.33331,688.3333,198.66669,663.3333
S1_int: 177,688,198,663
T12: 137.33331,460.5,170.0,464.8333
T12_int: 137,460,170,464
T5: 166.33331,242.33331,198.66669,239.33331
T5_int: 166,242,198,239
fem_center: 144.5,803.0
fem_center_int: 144,803
image: data/Lat0001-1000_processed/train/00535/00535.jpg
image_label: data/Lat0001-1000_processed/train/00535/00535_label.jpg
