L1: 132.0,399.5,163.66669,387.0
L1_int: 132,399,163,387
S1: 167.0,604.0,195.66669,628.0
S1_int: 167,604,195,628
T12: 128.66669,387.6667,158.66669,381.0
T12_int: 128,387,158,381
T5: 102.0,128.5,124.0,132.0
T5_int: 102,128,124,132
fem_center: 219.5,757.5
fem_center_int: 219,757
image: data/Lat0001-1000_processed/train/00270/00270.jpg
image_label: data/Lat0001-1000_processed/train/00270/00270_label.jpg
