L1: 84.6667,389.0,119.33331,395.6667
L1_int: 84,389,119,395
S1: 120.66669,587.6667,146.66669,566.3333
S1_int: 120,587,146,566
T12: 86.6667,381.6667,122.0,387.6667
T12_int: 86,381,122,387
T5: 124.66669,173.6667,154.0,176.3333
T5_int: 124,173,154,176
fem_center: 107.5,697.0
fem_center_int: 107,697
image: data/Lat0001-1000_processed/train/00055/00055.jpg
image_label: data/Lat0001-1000_processed/train/00055/00055_label.jpg
