L1: 146.33331,397.3333,172.33331,403.6667
L1_int: 146,397,172,403
S1: 146.33331,609.6667,168.66669,587.0
S1_int: 146,609,168,587
T12: 146.66669,391.0,174.66669,397.6667
T12_int: 146,391,174,397
T5: 182.33331,189.0,205.66669,187.3333
T5_int: 182,189,205,187
fem_center: 127.0,727.0
fem_center_int: 127,727
image: data/Lat0001-1000_processed/train/00882/00882.jpg
image_label: data/Lat0001-1000_processed/train/00882/00882_label.jpg
