L1: 195.66669,472.0,230.33331,470.0
L1_int: 195,472,230,470
S1: 168.33331,673.0,205.33331,700.3333
S1_int: 168,673,205,700
T12: 194.33331,464.0,227.66669,463.3333
T12_int: 194,464,227,463
T5: 184.66669,210.0,223.0,214.0
T5_int: 184,210,223,214
fem_center: 184.0,811.0
fem_center_int: 184,811
image: data/Lat0001-1000_processed/train/00807/00807.jpg
image_label: data/Lat0001-1000_processed/train/00807/00807_label.jpg
