L1: 196.66669,446.6667,226.0,453.6667
L1_int: 196,446,226,453
S1: 208.0,651.6667,237.33331,633.0
S1_int: 208,651,237,633
T12: 198.33331,437.0,229.33331,447.0
T12_int: 198,437,229,447
T5: 227.33331,223.66669,252.66669,217.66669
T5_int: 227,223,252,217
fem_center: 178.0,744.5
fem_center_int: 178,744
image: data/Lat0001-1000_processed/train/00643/00643.jpg
image_label: data/Lat0001-1000_processed/train/00643/00643_label.jpg
