L1: 130.33331,466.0,169.33331,466.6667
L1_int: 130,466,169,466
S1: 138.33331,663.0,161.66669,683.6667
S1_int: 138,663,161,683
T12: 133.33331,460.3333,168.0,458.3333
T12_int: 133,460,168,458
T5: 103.66669,221.0,129.0,225.33331
T5_int: 103,221,129,225
fem_center: 167.5,786.5
fem_center_int: 167,786
image: data/Lat0001-1000_processed/train/00585/00585.jpg
image_label: data/Lat0001-1000_processed/train/00585/00585_label.jpg
