L1: 183.0,470.3333,216.66669,465.0
L1_int: 183,470,216,465
S1: 200.0,646.6667,228.33331,657.3333
S1_int: 200,646,228,657
T12: 180.0,462.25,214.25,459.75
T12_int: 180,462,214,459
T5: 169.66669,252.0,193.33331,255.33331
T5_int: 169,252,193,255
fem_center: 241.5,754.25
fem_center_int: 241,754
image: data/Lat0001-1000_processed/train/00720/00720.jpg
image_label: data/Lat0001-1000_processed/train/00720/00720_label.jpg
