L1: 156.5,430.5,189.0,426.5
L1_int: 156,430,189,426
S1: 160.0,632.3333,193.66669,652.0
S1_int: 160,632,193,652
T12: 152.66669,424.6667,186.0,420.6667
T12_int: 152,424,186,420
T5: 98.0,207.33331,124.66669,209.33331
T5_int: 98,207,124,209
fem_center: 188.0,767.0
fem_center_int: 188,767
image: data/Lat0001-1000_processed/train/00668/00668.jpg
image_label: data/Lat0001-1000_processed/train/00668/00668_label.jpg
