L1: 224.33331,465.3333,253.0,456.0
L1_int: 224,465,253,456
S1: 213.0,635.6667,233.33331,660.6667
S1_int: 213,635,233,660
T12: 219.66669,460.6667,249.66669,448.6667
T12_int: 219,460,249,448
T5: 170.33331,250.0,191.66669,251.66669
T5_int: 170,250,191,251
fem_center: 218.5,776.5
fem_center_int: 218,776
image: data/Lat0001-1000_processed/train/00994/00994.jpg
image_label: data/Lat0001-1000_processed/train/00994/00994_label.jpg
