L1: 173.66669,474.6667,194.33331,467.6667
L1_int: 173,474,194,467
S1: 207.33331,641.6667,235.0,663.3333
S1_int: 207,641,235,663
T12: 169.33331,464.6667,195.66669,458.0
T12_int: 169,464,195,458
T5: 112.0,258.0,133.33331,258.3333
T5_int: 112,258,133,258
fem_center: 210.0,782.0
fem_center_int: 210,782
image: data/Lat0001-1000_processed/train/00794/00794.jpg
image_label: data/Lat0001-1000_processed/train/00794/00794_label.jpg
