L1: 174.0,400.3333,202.66669,389.3333
L1_int: 174,400,202,389
S1: 155.66669,567.0,181.33331,590.6667
S1_int: 155,567,181,590
T12: 173.33331,395.6667,199.33331,384.3333
T12_int: 173,395,199,384
T5: 96.33331,224.33331,134.66669,222.0
T5_int: 96,224,134,222
fem_center: 179.5,698.0
fem_center_int: 179,698
image: data/Lat0001-1000_processed/train/00924/00924.jpg
image_label: data/Lat0001-1000_processed/train/00924/00924_label.jpg
