L1: 197.0,442.0,229.0,434.3333
L1_int: 197,442,229,434
S1: 186.66669,620.0,216.33331,645.0
S1_int: 186,620,216,645
T12: 193.66669,434.0,227.0,425.6667
T12_int: 193,434,227,425
T5: 140.25,212.5,169.0,213.25
T5_int: 140,212,169,213
fem_center: 233.0,753.5
fem_center_int: 233,753
image: data/Lat0001-1000_processed/train/00943/00943.jpg
image_label: data/Lat0001-1000_processed/train/00943/00943_label.jpg
