L1: 195.33331,412.3333,228.66669,409.0
L1_int: 195,412,228,409
S1: 166.66669,622.6667,195.33331,642.0
S1_int: 166,622,195,642
T12: 193.33331,402.0,225.33331,398.6667
T12_int: 193,402,225,398
T5: 164.0,149.3333,194.0,152.6667
T5_int: 164,149,194,152
fem_center: 222.5,769.0
fem_center_int: 222,769
image: data/Lat0001-1000_processed/train/00113/00113.jpg
image_label: data/Lat0001-1000_processed/train/00113/00113_label.jpg
