L1: 171.0,475.3333,203.0,468.0
L1_int: 171,475,203,468
S1: 175.66669,667.0,201.0,693.3333
S1_int: 175,667,201,693
T12: 166.66669,464.3333,202.0,458.3333
T12_int: 166,464,202,458
T5: 138.0,234.66669,168.0,237.33331
T5_int: 138,234,168,237
fem_center: 186.0,813.0
fem_center_int: 186,813
image: data/Lat0001-1000_processed/train/00768/00768.jpg
image_label: data/Lat0001-1000_processed/train/00768/00768_label.jpg
