L1: 209.0,424.6667,238.33331,424.0
L1_int: 209,424,238,424
S1: 183.0,602.0,204.0,625.5
S1_int: 183,602,204,625
T12: 207.0,416.6667,236.66669,412.6667
T12_int: 207,416,236,412
T5: 159.0,188.0,184.0,191.0
T5_int: 159,188,184,191
fem_center: 205.0,748.0
fem_center_int: 205,748
image: data/Lat0001-1000_processed/train/00373/00373.jpg
image_label: data/Lat0001-1000_processed/train/00373/00373_label.jpg
