L1: 202.5,416.5,224.0,419.5
L1_int: 202,416,224,419
S1: 173.66669,588.3333,199.66669,611.6667
S1_int: 173,588,199,611
T12: 201.0,410.5,226.0,415.0
T12_int: 201,410,226,415
T5: 146.5,224.0,170.0,220.5
T5_int: 146,224,170,220
fem_center: 221.75,721.25
fem_center_int: 221,721
image: data/Lat0001-1000_processed/train/00342/00342.jpg
image_label: data/Lat0001-1000_processed/train/00342/00342_label.jpg
