L1: 192.5,415.5,228.5,413.0
L1_int: 192,415,228,413
S1: 175.33331,609.3333,197.33331,635.6667
S1_int: 175,609,197,635
T12: 190.5,407.0,225.0,402.0
T12_int: 190,407,225,402
T5: 149.0,168.0,181.5,166.0
T5_int: 149,168,181,166
fem_center: 232.0,735.5
fem_center_int: 232,735
image: data/Lat0001-1000_processed/train/00299/00299.jpg
image_label: data/Lat0001-1000_processed/train/00299/00299_label.jpg
