L1: 231.0,434.0,258.0,423.3333
L1_int: 231,434,258,423
S1: 264.6667,594.0,289.0,611.0
S1_int: 264,594,289,611
T12: 231.0,427.0,256.3333,415.3333
T12_int: 231,427,256,415
T5: 170.83331,205.5,199.0,206.66669
T5_int: 170,205,199,206
fem_center: 244.5,710.5
fem_center_int: 244,710
image: data/Lat0001-1000_processed/train/00602/00602.jpg
image_label: data/Lat0001-1000_processed/train/00602/00602_label.jpg
