L1: 143.0,434.5,175.0,443.0
L1_int: 143,434,175,443
S1: 161.33331,663.3333,184.66669,638.0
S1_int: 161,663,184,638
T12: 148.5,425.5,177.0,433.5
T12_int: 148,425,177,433
T5: 218.0,219.5,241.66669,220.0
T5_int: 218,219,241,220
fem_center: 158.0,797.5
fem_center_int: 158,797
image: data/Lat0001-1000_processed/train/00398/00398.jpg
image_label: data/Lat0001-1000_processed/train/00398/00398_label.jpg
