L1: 139.33331,450.0,182.66669,437.3333
L1_int: 139,450,182,437
S1: 133.33331,660.6667,166.66669,695.3333
S1_int: 133,660,166,695
T12: 136.0,441.3333,174.66669,428.0
T12_int: 136,441,174,428
T5: 47.0,182.6667,83.0,186.6667
T5_int: 47,182,83,186
fem_center: 196.0,822.0
fem_center_int: 196,822
image: data/Lat0001-1000_processed/train/00111/00111.jpg
image_label: data/Lat0001-1000_processed/train/00111/00111_label.jpg
