L1: 173.0,428.5,208.5,426.5
L1_int: 173,428,208,426
S1: 149.33331,614.3333,182.33331,636.0
S1_int: 149,614,182,636
T12: 170.5,422.0,208.0,418.5
T12_int: 170,422,208,418
T5: 148.0,187.3333,180.66669,188.0
T5_int: 148,187,180,188
fem_center: 175.5,771.5
fem_center_int: 175,771
image: data/Lat0001-1000_processed/train/00335/00335.jpg
image_label: data/Lat0001-1000_processed/train/00335/00335_label.jpg
