L1: 179.0,450.6667,206.0,461.0
L1_int: 179,450,206,461
S1: 181.33331,647.0,202.33331,621.3333
S1_int: 181,647,202,621
T12: 182.66669,444.6667,215.5,447.3333
T12_int: 182,444,215,447
T5: 174.5,197.1667,196.83331,194.1667
T5_int: 174,197,196,194
fem_center: 143.0,744.75
fem_center_int: 143,744
image: data/Lat0001-1000_processed/train/00489/00489.jpg
image_label: data/Lat0001-1000_processed/train/00489/00489_label.jpg
