L1: 133.33331,402.6667,162.0,419.0
L1_int: 133,402,162,419
S1: 126.33331,601.3333,153.33331,582.0
S1_int: 126,601,153,582
T12: 139.66669,391.5,166.0,406.6667
T12_int: 139,391,166,406
T5: 192.0,209.33331,215.25,207.5
T5_int: 192,209,215,207
fem_center: 127.0,732.0
fem_center_int: 127,732
image: data/Lat0001-1000_processed/train/00775/00775.jpg
image_label: data/Lat0001-1000_processed/train/00775/00775_label.jpg
