L1: 201.0,443.6667,239.66669,441.6667
L1_int: 201,443,239,441
S1: 161.66669,648.3333,188.33331,682.3333
S1_int: 161,648,188,682
T12: 199.0,434.3333,235.66669,430.3333
T12_int: 199,434,235,430
T5: 139.66669,165.6667,168.33331,167.6667
T5_int: 139,165,168,167
fem_center: 180.5,820.0
fem_center_int: 180,820
image: data/Lat0001-1000_processed/train/00157/00157.jpg
image_label: data/Lat0001-1000_processed/train/00157/00157_label.jpg
