L1: 139.33331,426.6667,170.33331,421.6667
L1_int: 139,426,170,421
S1: 154.0,609.3333,179.33331,629.0
S1_int: 154,609,179,629
T12: 136.66669,419.6667,167.33331,413.6667
T12_int: 136,419,167,413
T5: 122.66669,201.5,146.66669,203.1667
T5_int: 122,201,146,203
fem_center: 181.0,720.5
fem_center_int: 181,720
image: data/Lat0001-1000_processed/train/00524/00524.jpg
image_label: data/Lat0001-1000_processed/train/00524/00524_label.jpg
