L1: 199.0,409.6667,234.33331,404.3333
L1_int: 199,409,234,404
S1: 200.33331,616.3333,227.0,637.0
S1_int: 200,616,227,637
T12: 195.0,399.6667,230.33331,391.6667
T12_int: 195,399,230,391
T5: 163.0,127.0,197.66669,130.3333
T5_int: 163,127,197,130
fem_center: 215.5,780.0
fem_center_int: 215,780
image: data/Lat0001-1000_processed/train/00138/00138.jpg
image_label: data/Lat0001-1000_processed/train/00138/00138_label.jpg
