L1: 182.33331,437.3333,210.0,429.3333
L1_int: 182,437,210,429
S1: 201.33331,635.6667,229.66669,653.0
S1_int: 201,635,229,653
T12: 176.33331,427.6667,207.33331,419.3333
T12_int: 176,427,207,419
T5: 164.0,182.0,184.33331,188.3333
T5_int: 164,182,184,188
fem_center: 221.25,787.5
fem_center_int: 221,787
image: data/Lat0001-1000_processed/train/00347/00347.jpg
image_label: data/Lat0001-1000_processed/train/00347/00347_label.jpg
