L1: 167.66669,440.0,202.66669,426.0
L1_int: 167,440,202,426
S1: 183.33331,626.0,211.66669,652.3333
S1_int: 183,626,211,652
T12: 161.66669,434.0,193.66669,417.3333
T12_int: 161,434,193,417
T5: 127.0,201.3333,151.0,210.0
T5_int: 127,201,151,210
fem_center: 174.0,795.5
fem_center_int: 174,795
image: data/Lat0001-1000_processed/train/00733/00733.jpg
image_label: data/Lat0001-1000_processed/train/00733/00733_label.jpg
