L1: 96.6667,461.0,127.33331,472.3333
L1_int: 96,461,127,472
S1: 101.66669,685.0,125.66669,662.0
S1_int: 101,685,125,662
T12: 100.0,452.6667,132.66669,466.0
T12_int: 100,452,132,466
T5: 161.0,211.33331,188.33331,212.33331
T5_int: 161,211,188,212
fem_center: 114.5,805.5
fem_center_int: 114,805
image: data/Lat0001-1000_processed/train/00824/00824.jpg
image_label: data/Lat0001-1000_processed/train/00824/00824_label.jpg
