L1: 165.66669,456.3333,194.66669,448.6667
L1_int: 165,456,194,448
S1: 142.66669,648.6667,170.0,675.3333
S1_int: 142,648,170,675
T12: 163.0,449.6667,192.33331,438.3333
T12_int: 163,449,192,438
T5: 107.0,218.66669,127.66669,222.66669
T5_int: 107,218,127,222
fem_center: 194.0,790.0
fem_center_int: 194,790
image: data/Lat0001-1000_processed/train/00516/00516.jpg
image_label: data/Lat0001-1000_processed/train/00516/00516_label.jpg
