L1: 176.33331,414.6667,207.66669,403.0
L1_int: 176,414,207,403
S1: 180.33331,581.3333,211.0,602.3333
S1_int: 180,581,211,602
T12: 169.66669,406.3333,203.33331,393.6667
T12_int: 169,406,203,393
T5: 139.33331,205.33331,162.33331,210.0
T5_int: 139,205,162,210
fem_center: 201.5,722.0
fem_center_int: 201,722
image: data/Lat0001-1000_processed/train/00665/00665.jpg
image_label: data/Lat0001-1000_processed/train/00665/00665_label.jpg
