L1: 142.33331,444.0,169.33331,432.6667
L1_int: 142,444,169,432
S1: 156.33331,617.3333,179.33331,643.3333
S1_int: 156,617,179,643
T12: 138.0,438.0,167.0,424.3333
T12_int: 138,438,167,424
T5: 65.5,217.5,89.0,222.5
T5_int: 65,217,89,222
fem_center: 159.5,768.5
fem_center_int: 159,768
image: data/Lat0001-1000_processed/train/00594/00594.jpg
image_label: data/Lat0001-1000_processed/train/00594/00594_label.jpg
