L1: 128.66669,423.6667,156.66669,418.3333
L1_int: 128,423,156,418
S1: 175.33331,631.6667,209.33331,656.3333
S1_int: 175,631,209,656
T12: 129.33331,413.0,157.33331,409.0
T12_int: 129,413,157,409
T5: 148.0,146.3333,180.0,155.0
T5_int: 148,146,180,155
fem_center: 238.0,813.5
fem_center_int: 238,813
image: data/Lat0001-1000_processed/train/00057/00057.jpg
image_label: data/Lat0001-1000_processed/train/00057/00057_label.jpg
