L1: 200.33331,437.3333,231.66669,430.3333
L1_int: 200,437,231,430
S1: 190.33331,631.6667,221.0,660.5
S1_int: 190,631,221,660
T12: 197.0,428.0,228.33331,419.0
T12_int: 197,428,228,419
T5: 131.0,186.0,159.0,186.6667
T5_int: 131,186,159,186
fem_center: 220.5,761.0
fem_center_int: 220,761
image: data/Lat0001-1000_processed/train/00567/00567.jpg
image_label: data/Lat0001-1000_processed/train/00567/00567_label.jpg
