L1: 142.0,457.6667,176.33331,446.3333
L1_int: 142,457,176,446
S1: 139.33331,645.1667,161.0,672.0
S1_int: 139,645,161,672
T12: 136.33331,449.3333,170.0,437.6667
T12_int: 136,449,170,437
T5: 111.33331,199.6667,141.66669,202.0
T5_int: 111,199,141,202
fem_center: 205.75,767.5
fem_center_int: 205,767
image: data/Lat0001-1000_processed/train/00517/00517.jpg
image_label: data/Lat0001-1000_processed/train/00517/00517_label.jpg
