L1: 211.33331,450.6667,238.33331,451.3333
L1_int: 211,450,238,451
S1: 173.66669,652.3333,203.66669,669.3333
S1_int: 173,652,203,669
T12: 207.33331,444.6667,236.33331,444.6667
T12_int: 207,444,236,444
T5: 189.0,214.5,211.5,216.5
T5_int: 189,214,211,216
fem_center: 220.25,788.0
fem_center_int: 220,788
image: data/Lat0001-1000_processed/train/00328/00328.jpg
image_label: data/Lat0001-1000_processed/train/00328/00328_label.jpg
