L1: 171.6667,491.68143,205.0,481.06195
L1_int: 171,491,205,481
S1: 144.0,663.18585,159.5,692.92035
S1_int: 144,663,159,692
T12: 169.0,481.76993,200.3333,468.31857
T12_int: 169,481,200,468
T5: 73.6667,235.75221,105.0,239.29199
T5_int: 73,235,105,239
fem_center: 158.0,800.177
fem_center_int: 158,800
image: data/Lat0001-1000_processed/train/00027/00027.jpg
image_label: data/Lat0001-1000_processed/train/00027/00027_label.jpg
