L1: 179.33331,465.3333,206.66669,456.6667
L1_int: 179,465,206,456
S1: 185.0,639.0,206.33331,660.0
S1_int: 185,639,206,660
T12: 175.66669,459.3333,206.66669,449.6667
T12_int: 175,459,206,449
T5: 136.33331,253.33331,156.66669,256.6667
T5_int: 136,253,156,256
fem_center: 170.0,781.0
fem_center_int: 170,781
image: data/Lat0001-1000_processed/train/00541/00541.jpg
image_label: data/Lat0001-1000_processed/train/00541/00541_label.jpg
