L1: 138.33331,375.3333,167.66669,365.3333
L1_int: 138,375,167,365
S1: 155.0,568.0,189.66669,595.3333
S1_int: 155,568,189,595
T12: 137.66669,369.0,165.66669,359.0
T12_int: 137,369,165,359
T5: 68.3333,132.0,99.66669,136.6667
T5_int: 68,132,99,136
fem_center: 196.75,748.0
fem_center_int: 196,748
image: data/Lat0001-1000_processed/train/00129/00129.jpg
image_label: data/Lat0001-1000_processed/train/00129/00129_label.jpg
