L1: 166.25,377.90915,197.5,374.46683
L1_int: 166,377,197,374
S1: 138.21428,589.2841,166.78572,617.4784
S1_int: 138,589,166,617
T12: 163.92857,373.81116,195.7143,369.87704
T12_int: 163,373,195,369
T5: 125.0,145.63432,157.85713,148.58488
T5_int: 125,145,157,148
fem_center: 193.66072,747.3646
fem_center_int: 193,747
image: data/Lat0001-1000_processed/train/00901/00901.jpg
image_label: data/Lat0001-1000_processed/train/00901/00901_label.jpg
