L1: 157.66669,451.3333,195.5,457.0
L1_int: 157,451,195,457
S1: 169.0,677.6667,200.33331,657.6667
S1_int: 169,677,200,657
T12: 160.33331,444.3333,196.33331,449.3333
T12_int: 160,444,196,449
T5: 191.0,219.0,224.5,213.25
T5_int: 191,219,224,213
fem_center: 142.0,781.0
fem_center_int: 142,781
image: data/Lat0001-1000_processed/train/00647/00647.jpg
image_label: data/Lat0001-1000_processed/train/00647/00647_label.jpg
