L1: 195.66669,445.0,224.0,443.0
L1_int: 195,445,224,443
S1: 194.33331,633.0,219.66669,649.0
S1_int: 194,633,219,649
T12: 194.33331,437.3333,217.66669,432.0
T12_int: 194,437,217,432
T5: 174.33331,226.33331,203.0,228.0
T5_int: 174,226,203,228
fem_center: 207.0,778.0
fem_center_int: 207,778
image: data/Lat0001-1000_processed/train/00616/00616.jpg
image_label: data/Lat0001-1000_processed/train/00616/00616_label.jpg
