L1: 228.66669,420.3333,258.3333,414.3333
L1_int: 228,420,258,414
S1: 212.75,600.5,237.33331,624.3333
S1_int: 212,600,237,624
T12: 224.33331,413.3333,254.33331,406.0
T12_int: 224,413,254,406
T5: 199.0,181.3333,222.33331,185.0
T5_int: 199,181,222,185
fem_center: 221.0,741.0
fem_center_int: 221,741
image: data/Lat0001-1000_processed/train/00560/00560.jpg
image_label: data/Lat0001-1000_processed/train/00560/00560_label.jpg
