L1: 194.33331,486.6667,220.66669,481.6667
L1_int: 194,486,220,481
S1: 216.0,673.3333,239.33331,703.3333
S1_int: 216,673,239,703
T12: 192.66669,481.6667,220.66669,477.6667
T12_int: 192,481,220,477
T5: 176.0,233.66669,214.66669,238.33331
T5_int: 176,233,214,238
fem_center: 252.5,809.5
fem_center_int: 252,809
image: data/Lat0001-1000_processed/train/00931/00931.jpg
image_label: data/Lat0001-1000_processed/train/00931/00931_label.jpg
