L1: 151.66669,455.0,178.66669,464.0
L1_int: 151,455,178,464
S1: 128.0,673.3333,154.66669,650.0
S1_int: 128,673,154,650
T12: 152.66669,449.6667,180.0,460.0
T12_int: 152,449,180,460
T5: 211.66669,207.66669,230.33331,207.0
T5_int: 211,207,230,207
fem_center: 151.0,808.0
fem_center_int: 151,808
image: data/Lat0001-1000_processed/train/00745/00745.jpg
image_label: data/Lat0001-1000_processed/train/00745/00745_label.jpg
