L1: 186.66669,417.6667,215.66669,430.6667
L1_int: 186,417,215,430
S1: 152.66669,635.3333,184.33331,610.6667
S1_int: 152,635,184,610
T12: 189.66669,411.3333,221.66669,424.0
T12_int: 189,411,221,424
T5: 212.0,228.33331,233.0,226.66669
T5_int: 212,228,233,226
fem_center: 135.0,765.0
fem_center_int: 135,765
image: data/Lat0001-1000_processed/train/00821/00821.jpg
image_label: data/Lat0001-1000_processed/train/00821/00821_label.jpg
