L1: 193.0,443.6667,227.33331,438.3333
L1_int: 193,443,227,438
S1: 169.0,632.6667,199.0,666.6667
S1_int: 169,632,199,666
T12: 189.0,432.6667,219.66669,428.6667
T12_int: 189,432,219,428
T5: 132.0,186.0,159.0,185.0
T5_int: 132,186,159,185
fem_center: 200.5,774.0
fem_center_int: 200,774
image: data/Lat0001-1000_processed/train/00579/00579.jpg
image_label: data/Lat0001-1000_processed/train/00579/00579_label.jpg
