L1: 174.0,454.0,207.0,449.6667
L1_int: 174,454,207,449
S1: 162.33331,652.3333,196.0,676.0
S1_int: 162,652,196,676
T12: 173.33331,444.6667,204.0,440.3333
T12_int: 173,444,204,440
T5: 159.0,205.33331,185.33331,207.66669
T5_int: 159,205,185,207
fem_center: 219.5,790.5
fem_center_int: 219,790
image: data/Lat0001-1000_processed/train/00795/00795.jpg
image_label: data/Lat0001-1000_processed/train/00795/00795_label.jpg
