L1: 125.75,394.25,155.25,401.75
L1_int: 125,394,155,401
S1: 155.33331,618.6667,181.33331,595.3333
S1_int: 155,618,181,595
T12: 129.0,389.5,159.0,396.5
T12_int: 129,389,159,396
T5: 174.0,156.0,206.0,153.5
T5_int: 174,156,206,153
fem_center: 139.0,748.5
fem_center_int: 139,748
image: data/Lat0001-1000_processed/train/00428/00428.jpg
image_label: data/Lat0001-1000_processed/train/00428/00428_label.jpg
