L1: 131.3333,417.6667,164.33331,420.0
L1_int: 131,417,164,420
S1: 170.66669,625.6667,199.33331,599.3333
S1_int: 170,625,199,599
T12: 134.3333,411.8333,167.66669,414.1667
T12_int: 134,411,167,414
T5: 171.5,183.75,200.0,184.25
T5_int: 171,183,200,184
fem_center: 149.5,728.5
fem_center_int: 149,728
image: data/Lat0001-1000_processed/train/00870/00870.jpg
image_label: data/Lat0001-1000_processed/train/00870/00870_label.jpg
