L1: 190.33331,461.3333,219.66669,454.3333
L1_int: 190,461,219,454
S1: 152.33331,625.3333,176.66669,651.6667
S1_int: 152,625,176,651
T12: 187.0,453.6667,217.33331,447.0
T12_int: 187,453,217,447
T5: 134.5,237.0,158.0,238.0
T5_int: 134,237,158,238
fem_center: 214.0,740.0
fem_center_int: 214,740
image: data/Lat0001-1000_processed/train/00578/00578.jpg
image_label: data/Lat0001-1000_processed/train/00578/00578_label.jpg
