L1: 167.0,476.6667,195.66669,470.3333
L1_int: 167,476,195,470
S1: 163.66669,657.3333,189.66669,679.3333
S1_int: 163,657,189,679
T12: 163.66669,470.0,194.33331,462.6667
T12_int: 163,470,194,462
T5: 135.16669,245.0,158.25,252.0
T5_int: 135,245,158,252
fem_center: 201.5,797.5
fem_center_int: 201,797
image: data/Lat0001-1000_processed/train/00651/00651.jpg
image_label: data/Lat0001-1000_processed/train/00651/00651_label.jpg
