L1: 127.0,480.5,156.0,479.5
L1_int: 127,480,156,479
S1: 175.33331,706.6667,200.33331,684.6667
S1_int: 175,706,200,684
T12: 126.0,470.5,154.0,471.5
T12_int: 126,470,154,471
T5: 144.5,237.75,164.5,238.25
T5_int: 144,237,164,238
fem_center: 165.0,823.5
fem_center_int: 165,823
image: data/Lat0001-1000_processed/train/00405/00405.jpg
image_label: data/Lat0001-1000_processed/train/00405/00405_label.jpg
