L1: 199.0,454.5,228.16669,446.1667
L1_int: 199,454,228,446
S1: 188.0,629.75,216.5,656.0
S1_int: 188,629,216,656
T12: 195.16669,448.8333,225.0,438.3333
T12_int: 195,448,225,438
T5: 130.5,207.5,154.0,209.83331
T5_int: 130,207,154,209
fem_center: 215.5,772.25
fem_center_int: 215,772
image: data/Lat0001-1000_processed/train/00951/00951.jpg
image_label: data/Lat0001-1000_processed/train/00951/00951_label.jpg
