L1: 134.5,440.5,169.0,430.5
L1_int: 134,440,169,430
S1: 143.0,633.5,171.5,661.5
S1_int: 143,633,171,661
T12: 131.5,435.5,167.0,422.5
T12_int: 131,435,167,422
T5: 94.33331,191.0,120.33331,195.6667
T5_int: 94,191,120,195
fem_center: 160.25,778.0
fem_center_int: 160,778
image: data/Lat0001-1000_processed/train/00289/00289.jpg
image_label: data/Lat0001-1000_processed/train/00289/00289_label.jpg
