L1: 216.5,466.75,247.0,464.0
L1_int: 216,466,247,464
S1: 190.66669,627.3333,213.33331,654.3333
S1_int: 190,627,213,654
T12: 215.5,460.0,243.0,458.5
T12_int: 215,460,243,458
T5: 183.33331,254.33331,207.33331,260.6667
T5_int: 183,254,207,260
fem_center: 212.5,775.5
fem_center_int: 212,775
image: data/Lat0001-1000_processed/train/00757/00757.jpg
image_label: data/Lat0001-1000_processed/train/00757/00757_label.jpg
