L1: 227.66669,470.0,262.3333,460.6667
L1_int: 227,470,262,460
S1: 177.0,650.6667,197.0,679.3333
S1_int: 177,650,197,679
T12: 222.33331,460.6667,256.3333,448.0
T12_int: 222,460,256,448
T5: 132.33331,223.33331,159.66669,221.33331
T5_int: 132,223,159,221
fem_center: 229.5,771.0
fem_center_int: 229,771
image: data/Lat0001-1000_processed/train/00048/00048.jpg
image_label: data/Lat0001-1000_processed/train/00048/00048_label.jpg
