L1: 187.0,486.25,219.0,486.25
L1_int: 187,486,219,486
S1: 120.0,656.3333,137.66669,690.0
S1_int: 120,656,137,690
T12: 187.75,477.25,219.5,475.25
T12_int: 187,477,219,475
T5: 153.33331,249.66669,178.33331,249.66669
T5_int: 153,249,178,249
fem_center: 161.0,784.0
fem_center_int: 161,784
image: data/Lat0001-1000_processed/train/00580/00580.jpg
image_label: data/Lat0001-1000_processed/train/00580/00580_label.jpg
