L1: 196.5,494.5,242.0,510.5
L1_int: 196,494,242,510
S1: 101.66669,732.3333,140.33331,716.0
S1_int: 101,732,140,716
T12: 201.5,484.5,242.5,503.0
T12_int: 201,484,242,503
T5: 217.5,219.5,244.5,216.0
T5_int: 217,219,244,216
fem_center: 74.5,809.5
fem_center_int: 74,809
image: data/Lat0001-1000_processed/train/00820/00820.jpg
image_label: data/Lat0001-1000_processed/train/00820/00820_label.jpg
