L1: 168.5,483.5,205.0,479.5
L1_int: 168,483,205,479
S1: 179.33331,683.3333,210.66669,702.3333
S1_int: 179,683,210,702
T12: 166.0,480.0,205.5,474.0
T12_int: 166,480,205,474
T5: 131.0,219.0,149.5,218.5
T5_int: 131,219,149,218
fem_center: 229.5,818.0
fem_center_int: 229,818
image: data/Lat0001-1000_processed/train/00199/00199.jpg
image_label: data/Lat0001-1000_processed/train/00199/00199_label.jpg
