L1: 99.0,416.6667,140.33331,421.3333
L1_int: 99,416,140,421
S1: 140.33331,662.0,170.33331,632.0
S1_int: 140,662,170,632
T12: 103.66669,406.6667,137.66669,412.0
T12_int: 103,406,137,412
T5: 160.33331,146.0,191.0,149.3333
T5_int: 160,146,191,149
fem_center: 147.0,788.5
fem_center_int: 147,788
image: data/Lat0001-1000_processed/train/00155/00155.jpg
image_label: data/Lat0001-1000_processed/train/00155/00155_label.jpg
