L1: 189.0,447.5,217.5,440.5
L1_int: 189,447,217,440
S1: 215.66669,639.6667,232.33331,665.0
S1_int: 215,639,232,665
T12: 186.5,440.0,215.0,432.0
T12_int: 186,440,215,432
T5: 152.5,196.5,177.0,200.0
T5_int: 152,196,177,200
fem_center: 219.25,776.75
fem_center_int: 219,776
image: data/Lat0001-1000_processed/train/00310/00310.jpg
image_label: data/Lat0001-1000_processed/train/00310/00310_label.jpg
