L1: 118.0,425.5,154.0,431.5
L1_int: 118,425,154,431
S1: 120.33331,657.0,152.33331,636.3333
S1_int: 120,657,152,636
T12: 123.0,412.5,159.0,418.0
T12_int: 123,412,159,418
T5: 175.0,154.0,202.5,152.0
T5_int: 175,154,202,152
fem_center: 124.0,786.5
fem_center_int: 124,786
image: data/Lat0001-1000_processed/train/00414/00414.jpg
image_label: data/Lat0001-1000_processed/train/00414/00414_label.jpg
