L1: 196.0,436.5,228.0,430.5
L1_int: 196,436,228,430
S1: 144.33331,596.0,167.66669,632.0
S1_int: 144,596,167,632
T12: 192.0,424.5,228.5,417.5
T12_int: 192,424,228,417
T5: 118.66669,193.0,147.33331,195.0
T5_int: 118,193,147,195
fem_center: 202.5,751.0
fem_center_int: 202,751
image: data/Lat0001-1000_processed/train/00700/00700.jpg
image_label: data/Lat0001-1000_processed/train/00700/00700_label.jpg
