L1: 192.66669,471.6667,223.33331,467.6667
L1_int: 192,471,223,467
S1: 172.0,641.6667,196.0,668.3333
S1_int: 172,641,196,668
T12: 190.0,466.3333,220.0,458.3333
T12_int: 190,466,220,458
T5: 136.33331,253.0,163.66669,256.0
T5_int: 136,253,163,256
fem_center: 193.5,776.25
fem_center_int: 193,776
image: data/Lat0001-1000_processed/train/00587/00587.jpg
image_label: data/Lat0001-1000_processed/train/00587/00587_label.jpg
