L1: 183.0,470.0,216.66669,472.0
L1_int: 183,470,216,472
S1: 188.0,687.3333,218.33331,671.3333
S1_int: 188,687,218,671
T12: 185.33331,460.3333,216.66669,463.3333
T12_int: 185,460,216,463
T5: 209.33331,233.66669,238.0,231.33331
T5_int: 209,233,238,231
fem_center: 180.5,812.0
fem_center_int: 180,812
image: data/Lat0001-1000_processed/train/00894/00894.jpg
image_label: data/Lat0001-1000_processed/train/00894/00894_label.jpg
