L1: 129.66669,424.0,160.33331,424.0
L1_int: 129,424,160,424
S1: 173.0,659.3333,203.66669,639.3333
S1_int: 173,659,203,639
T12: 131.66669,414.0,159.0,410.6667
T12_int: 131,414,159,410
T5: 158.33331,161.3333,181.0,170.6667
T5_int: 158,161,181,170
fem_center: 206.5,740.5
fem_center_int: 206,740
image: data/Lat0001-1000_processed/train/00141/00141.jpg
image_label: data/Lat0001-1000_processed/train/00141/00141_label.jpg
