L1: 149.66669,482.3333,179.33331,471.3333
L1_int: 149,482,179,471
S1: 144.33331,665.6667,177.0,688.6667
S1_int: 144,665,177,688
T12: 145.33331,474.0,176.0,463.6667
T12_int: 145,474,176,463
T5: 78.0,242.66669,111.66669,245.0
T5_int: 78,242,111,245
fem_center: 196.0,815.0
fem_center_int: 196,815
image: data/Lat0001-1000_processed/train/00965/00965.jpg
image_label: data/Lat0001-1000_processed/train/00965/00965_label.jpg
