L1: 134.66669,408.6667,167.0,413.0
L1_int: 134,408,167,413
S1: 162.0,611.0,185.33331,592.0
S1_int: 162,611,185,592
T12: 136.33331,399.3333,168.0,403.3333
T12_int: 136,399,168,403
T5: 166.66669,188.6667,191.5,186.25
T5_int: 166,188,191,186
fem_center: 164.5,725.5
fem_center_int: 164,725
image: data/Lat0001-1000_processed/train/00898/00898.jpg
image_label: data/Lat0001-1000_processed/train/00898/00898_label.jpg
