L1: 115.0,451.0,146.33331,460.6667
L1_int: 115,451,146,460
S1: 140.3333,658.0,163.66669,633.0
S1_int: 140,658,163,633
T12: 119.3333,444.3333,149.66669,453.3333
T12_int: 119,444,149,453
T5: 162.25,233.25,188.75,232.25
T5_int: 162,233,188,232
fem_center: 106.5,753.0
fem_center_int: 106,753
image: data/Lat0001-1000_processed/train/00855/00855.jpg
image_label: data/Lat0001-1000_processed/train/00855/00855_label.jpg
