L1: 139.0,468.0,168.66669,464.3333
L1_int: 139,468,168,464
S1: 145.66669,649.3333,173.33331,668.6667
S1_int: 145,649,173,668
T12: 139.66669,460.6667,167.0,455.0
T12_int: 139,460,167,455
T5: 112.33331,238.0,131.33331,240.0
T5_int: 112,238,131,240
fem_center: 180.0,784.0
fem_center_int: 180,784
image: data/Lat0001-1000_processed/train/00542/00542.jpg
image_label: data/Lat0001-1000_processed/train/00542/00542_label.jpg
