L1: 149.0,469.3333,182.33331,468.0
L1_int: 149,469,182,468
S1: 136.0,643.25,153.5,664.25
S1_int: 136,643,153,664
T12: 148.33331,462.6667,179.0,461.6667
T12_int: 148,462,179,461
T5: 121.0,236.66669,149.66669,238.66669
T5_int: 121,236,149,238
fem_center: 194.0,741.0
fem_center_int: 194,741
image: data/Lat0001-1000_processed/train/00991/00991.jpg
image_label: data/Lat0001-1000_processed/train/00991/00991_label.jpg
