L1: 126.0,463.5,158.0,471.5
L1_int: 126,463,158,471
S1: 130.0,679.6667,154.66669,659.3333
S1_int: 130,679,154,659
T12: 128.5,455.5,161.0,464.0
T12_int: 128,455,161,464
T5: 207.0,232.25,235.0,235.66669
T5_int: 207,232,235,235
fem_center: 132.0,809.0
fem_center_int: 132,809
image: data/Lat0001-1000_processed/train/00421/00421.jpg
image_label: data/Lat0001-1000_processed/train/00421/00421_label.jpg
