L1: 142.66669,485.6667,173.0,476.3333
L1_int: 142,485,173,476
S1: 180.33331,665.3333,210.66669,682.6667
S1_int: 180,665,210,682
T12: 139.66669,481.3333,168.0,471.0
T12_int: 139,481,168,471
T5: 120.0,260.6667,157.33331,260.6667
T5_int: 120,260,157,260
fem_center: 219.0,812.0
fem_center_int: 219,812
image: data/Lat0001-1000_processed/train/00773/00773.jpg
image_label: data/Lat0001-1000_processed/train/00773/00773_label.jpg
