L1: 230.66669,407.0,259.6667,405.0
L1_int: 230,407,259,405
S1: 204.33331,618.0,234.33331,640.6667
S1_int: 204,618,234,640
T12: 230.0,394.6667,257.0,390.6667
T12_int: 230,394,257,390
T5: 174.0,167.0,201.0,167.25
T5_int: 174,167,201,167
fem_center: 254.5,771.0
fem_center_int: 254,771
image: data/Lat0001-1000_processed/train/00641/00641.jpg
image_label: data/Lat0001-1000_processed/train/00641/00641_label.jpg
