L1: 152.0,413.3333,184.0,423.0
L1_int: 152,413,184,423
S1: 135.6667,622.3333,159.3333,600.6667
S1_int: 135,622,159,600
T12: 154.3333,405.3333,184.66669,412.6667
T12_int: 154,405,184,412
T5: 207.33331,186.3333,231.0,184.25
T5_int: 207,186,231,184
fem_center: 134.0,748.5
fem_center_int: 134,748
image: data/Lat0001-1000_processed/train/00890/00890.jpg
image_label: data/Lat0001-1000_processed/train/00890/00890_label.jpg
