L1: 168.6667,348.76526,200.0,340.40707
L1_int: 168,348,200,340
S1: 160.0,551.2619,190.6667,583.55493
S1_int: 160,551,190,583
T12: 166.6667,341.16687,198.0,332.8087
T12_int: 166,341,198,332
T5: 140.0,85.10181,164.0,89.66083
T5_int: 140,85,164,89
fem_center: 170.5,721.4654
fem_center_int: 170,721
image: data/Lat0001-1000_processed/train/00033/00033.jpg
image_label: data/Lat0001-1000_processed/train/00033/00033_label.jpg
