L1: 163.33331,490.3333,193.33331,481.6667
L1_int: 163,490,193,481
S1: 134.33331,664.6667,151.66669,696.3333
S1_int: 134,664,151,696
T12: 161.33331,483.6667,191.33331,472.0
T12_int: 161,483,191,472
T5: 88.66669,244.0,116.0,256.0
T5_int: 88,244,116,256
fem_center: 166.0,793.5
fem_center_int: 166,793
image: data/Lat0001-1000_processed/train/00806/00806.jpg
image_label: data/Lat0001-1000_processed/train/00806/00806_label.jpg
