L1: 150.66669,454.6667,179.33331,449.3333
L1_int: 150,454,179,449
S1: 154.66669,637.6667,184.0,658.0
S1_int: 154,637,184,658
T12: 147.33331,444.3333,177.0,440.6667
T12_int: 147,444,177,440
T5: 107.33331,223.0,136.0,225.0
T5_int: 107,223,136,225
fem_center: 193.0,775.5
fem_center_int: 193,775
image: data/Lat0001-1000_processed/train/00793/00793.jpg
image_label: data/Lat0001-1000_processed/train/00793/00793_label.jpg
