L1: 177.0,448.5,212.0,444.5
L1_int: 177,448,212,444
S1: 162.66669,653.6667,187.33331,677.3333
S1_int: 162,653,187,677
T12: 174.0,441.5,207.5,433.5
T12_int: 174,441,207,433
T5: 144.0,190.5,171.5,194.0
T5_int: 144,190,171,194
fem_center: 176.0,803.5
fem_center_int: 176,803
image: data/Lat0001-1000_processed/train/00423/00423.jpg
image_label: data/Lat0001-1000_processed/train/00423/00423_label.jpg
