L1: 204.0,378.5,239.0,369.0
L1_int: 204,378,239,369
S1: 195.66669,582.6667,224.66669,610.3333
S1_int: 195,582,224,610
T12: 203.0,372.5,234.0,363.0
T12_int: 203,372,234,363
T5: 146.5,133.5,191.0,136.5
T5_int: 146,133,191,136
fem_center: 231.0,737.5
fem_center_int: 231,737
image: data/Lat0001-1000_processed/train/00126/00126.jpg
image_label: data/Lat0001-1000_processed/train/00126/00126_label.jpg
