L1: 162.0,352.33337,194.6667,348.1334
L1_int: 162,352,194,348
S1: 140.0,609.93335,165.6667,641.2
S1_int: 140,609,165,641
T12: 160.3333,344.8666,193.3333,336.93338
T12_int: 160,344,193,336
T5: 112.0,32.9,140.0,34.3
T5_int: 112,32,140,34
fem_center: 163.0,808.5
fem_center_int: 163,808
image: data/Lat0001-1000_processed/train/00018/00018.jpg
image_label: data/Lat0001-1000_processed/train/00018/00018_label.jpg
