L1: 102.0,492.3333,133.0,495.3333
L1_int: 102,492,133,495
S1: 137.66669,725.6667,161.33331,693.6667
S1_int: 137,725,161,693
T12: 103.6667,483.3333,138.0,485.3333
T12_int: 103,483,138,485
T5: 144.0,238.0,173.66669,236.66669
T5_int: 144,238,173,236
fem_center: 110.5,819.5
fem_center_int: 110,819
image: data/Lat0001-1000_processed/train/00885/00885.jpg
image_label: data/Lat0001-1000_processed/train/00885/00885_label.jpg
