L1: 171.33331,465.0,206.33331,464.0
L1_int: 171,465,206,464
S1: 144.33331,668.0,175.33331,691.6667
S1_int: 144,668,175,691
T12: 171.0,458.3333,206.0,458.6667
T12_int: 171,458,206,458
T5: 173.0,209.0,200.66669,212.33331
T5_int: 173,209,200,212
fem_center: 155.5,797.5
fem_center_int: 155,797
image: data/Lat0001-1000_processed/train/00891/00891.jpg
image_label: data/Lat0001-1000_processed/train/00891/00891_label.jpg
