L1: 184.0,443.5,217.0,436.5
L1_int: 184,443,217,436
S1: 197.33331,643.3333,228.66669,672.0
S1_int: 197,643,228,672
T12: 181.5,436.5,217.0,428.0
T12_int: 181,436,217,428
T5: 127.0,188.5,154.0,187.0
T5_int: 127,188,154,187
fem_center: 196.0,787.0
fem_center_int: 196,787
image: data/Lat0001-1000_processed/train/00364/00364.jpg
image_label: data/Lat0001-1000_processed/train/00364/00364_label.jpg
