L1: 135.5,448.5,169.33331,448.3333
L1_int: 135,448,169,448
S1: 158.0,667.75,186.75,652.25
S1_int: 158,667,186,652
T12: 136.66669,439.3333,169.33331,438.3333
T12_int: 136,439,169,438
T5: 139.0,195.5,166.5,195.5
T5_int: 139,195,166,195
fem_center: 142.0,778.25
fem_center_int: 142,778
image: data/Lat0001-1000_processed/train/00427/00427.jpg
image_label: data/Lat0001-1000_processed/train/00427/00427_label.jpg
