L1: 136.66669,445.0,166.33331,458.0
L1_int: 136,445,166,458
S1: 144.33331,649.3333,163.66669,630.6667
S1_int: 144,649,163,630
T12: 141.0,438.3333,171.66669,451.0
T12_int: 141,438,171,451
T5: 196.33331,239.33331,225.0,236.0
T5_int: 196,239,225,236
fem_center: 136.5,760.5
fem_center_int: 136,760
image: data/Lat0001-1000_processed/train/00621/00621.jpg
image_label: data/Lat0001-1000_processed/train/00621/00621_label.jpg
