L1: 177.0,503.8938,203.0,499.11505
L1_int: 177,503,203,499
S1: 166.5,667.43365,193.0,681.23895
S1_int: 166,667,193,681
T12: 174.25,497.25662,200.75,491.41592
T12_int: 174,497,200,491
T5: 122.5,295.7522,144.5,293.62833
T5_int: 122,295,144,293
fem_center: 192.0,786.90265
fem_center_int: 192,786
image: data/Lat0001-1000_processed/train/00022/00022.jpg
image_label: data/Lat0001-1000_processed/train/00022/00022_label.jpg
