L1: 161.66669,460.3333,198.0,457.3333
L1_int: 161,460,198,457
S1: 150.0,653.0,186.66669,680.3333
S1_int: 150,653,186,680
T12: 160.66669,451.6667,194.0,449.0
T12_int: 160,451,194,449
T5: 144.33331,220.66669,171.66669,221.0
T5_int: 144,220,171,221
fem_center: 208.5,796.5
fem_center_int: 208,796
image: data/Lat0001-1000_processed/train/00928/00928.jpg
image_label: data/Lat0001-1000_processed/train/00928/00928_label.jpg
