L1: 166.33331,394.3333,198.33331,387.6667
L1_int: 166,394,198,387
S1: 159.0,589.3333,185.33331,611.3333
S1_int: 159,589,185,611
T12: 163.5,382.5,194.0,378.5
T12_int: 163,382,194,378
T5: 136.5,140.5,164.0,144.0
T5_int: 136,140,164,144
fem_center: 196.0,753.0
fem_center_int: 196,753
image: data/Lat0001-1000_processed/train/00226/00226.jpg
image_label: data/Lat0001-1000_processed/train/00226/00226_label.jpg
