L1: 132.33331,482.6667,173.66669,495.3333
L1_int: 132,482,173,495
S1: 160.0,707.0,185.5,681.0
S1_int: 160,707,185,681
T12: 135.66669,470.0,178.33331,487.3333
T12_int: 135,470,178,487
T5: 229.66669,214.0,261.0,219.33331
T5_int: 229,214,261,219
fem_center: 113.0,752.5
fem_center_int: 113,752
image: data/Lat0001-1000_processed/train/00243/00243.jpg
image_label: data/Lat0001-1000_processed/train/00243/00243_label.jpg
