L1: 170.66669,444.0,205.0,443.6667
L1_int: 170,444,205,443
S1: 130.33331,617.6667,147.0,652.3333
S1_int: 130,617,147,652
T12: 168.0,437.6667,203.66669,436.6667
T12_int: 168,437,203,436
T5: 159.0,199.5,183.5,202.5
T5_int: 159,199,183,202
fem_center: 167.5,755.5
fem_center_int: 167,755
image: data/Lat0001-1000_processed/train/00473/00473.jpg
image_label: data/Lat0001-1000_processed/train/00473/00473_label.jpg
