L1: 134.66669,383.6667,167.66669,391.3333
L1_int: 134,383,167,391
S1: 99.0,575.3333,127.33331,562.6667
S1_int: 99,575,127,562
T12: 134.33331,377.3333,168.66669,382.3333
T12_int: 134,377,168,382
T5: 148.0,195.0,171.0,188.0
T5_int: 148,195,171,188
fem_center: 95.5,681.0
fem_center_int: 95,681
image: data/Lat0001-1000_processed/train/00937/00937.jpg
image_label: data/Lat0001-1000_processed/train/00937/00937_label.jpg
