L1: 190.66669,506.3333,223.33331,497.3333
L1_int: 190,506,223,497
S1: 170.0,694.75,198.5,724.5
S1_int: 170,694,198,724
T12: 186.33331,498.3333,219.33331,489.0
T12_int: 186,498,219,489
T5: 123.5,237.5,153.0,239.5
T5_int: 123,237,153,239
fem_center: 213.5,825.5
fem_center_int: 213,825
image: data/Lat0001-1000_processed/train/00391/00391.jpg
image_label: data/Lat0001-1000_processed/train/00391/00391_label.jpg
