L1: 184.0,453.5,216.0,449.5
L1_int: 184,453,216,449
S1: 181.0,649.3333,214.33331,666.6667
S1_int: 181,649,214,666
T12: 180.0,447.0,215.0,441.5
T12_int: 180,447,215,441
T5: 152.0,219.33331,173.33331,220.0
T5_int: 152,219,173,220
fem_center: 257.0,792.25
fem_center_int: 257,792
image: data/Lat0001-1000_processed/train/00434/00434.jpg
image_label: data/Lat0001-1000_processed/train/00434/00434_label.jpg
