L1: 189.66669,427.3333,220.33331,424.6667
L1_int: 189,427,220,424
S1: 175.33331,627.3333,204.33331,648.3333
S1_int: 175,627,204,648
T12: 187.66669,419.3333,219.66669,415.3333
T12_int: 187,419,219,415
T5: 156.66669,176.0,180.33331,180.0
T5_int: 156,176,180,180
fem_center: 225.0,775.0
fem_center_int: 225,775
image: data/Lat0001-1000_processed/train/00988/00988.jpg
image_label: data/Lat0001-1000_processed/train/00988/00988_label.jpg
