L1: 184.5,419.5,217.0,411.0
L1_int: 184,419,217,411
S1: 181.33331,608.6667,211.33331,628.3333
S1_int: 181,608,211,628
T12: 181.0,410.3333,214.0,402.3333
T12_int: 181,410,214,402
T5: 154.0,182.0,181.0,187.5
T5_int: 154,182,181,187
fem_center: 200.5,765.5
fem_center_int: 200,765
image: data/Lat0001-1000_processed/train/00268/00268.jpg
image_label: data/Lat0001-1000_processed/train/00268/00268_label.jpg
