L1: 121.66669,332.3333,147.0,339.0
L1_int: 121,332,147,339
S1: 155.33331,561.6667,177.66669,534.6667
S1_int: 155,561,177,534
T12: 124.33331,328.0,151.33331,336.6667
T12_int: 124,328,151,336
T5: 126.83331,144.0,161.0,119.6667
T5_int: 126,144,161,119
fem_center: 183.5,692.0
fem_center_int: 183,692
image: data/Lat0001-1000_processed/train/00677/00677.jpg
image_label: data/Lat0001-1000_processed/train/00677/00677_label.jpg
