L1: 128.0,427.5,161.0,423.5
L1_int: 128,427,161,423
S1: 136.0,624.0,166.0,637.6667
S1_int: 136,624,166,637
T12: 126.0,422.3333,157.0,418.0
T12_int: 126,422,157,418
T5: 99.66669,181.3333,124.66669,188.3333
T5_int: 99,181,124,188
fem_center: 208.5,765.5
fem_center_int: 208,765
image: data/Lat0001-1000_processed/train/00486/00486.jpg
image_label: data/Lat0001-1000_processed/train/00486/00486_label.jpg
