L1: 180.33331,423.3333,208.33331,442.6667
L1_int: 180,423,208,442
S1: 142.33331,639.0,166.66669,616.0
S1_int: 142,639,166,616
T12: 186.0,417.6667,212.25,434.75
T12_int: 186,417,212,434
T5: 213.66669,218.0,235.33331,207.66669
T5_int: 213,218,235,207
fem_center: 145.0,749.0
fem_center_int: 145,749
image: data/Lat0001-1000_processed/train/00889/00889.jpg
image_label: data/Lat0001-1000_processed/train/00889/00889_label.jpg
