L1: 147.66669,451.0,189.66669,465.6667
L1_int: 147,451,189,465
S1: 122.0,688.0,162.0,666.0
S1_int: 122,688,162,666
T12: 151.0,444.3333,188.66669,458.0
T12_int: 151,444,188,458
T5: 177.0,216.66669,205.33331,216.0
T5_int: 177,216,205,216
fem_center: 131.5,808.5
fem_center_int: 131,808
image: data/Lat0001-1000_processed/train/00815/00815.jpg
image_label: data/Lat0001-1000_processed/train/00815/00815_label.jpg
