L1: 207.33331,451.3333,236.0,450.0
L1_int: 207,451,236,450
S1: 187.33331,618.3333,218.33331,643.3333
S1_int: 187,618,218,643
T12: 203.33331,443.3333,236.0,440.0
T12_int: 203,443,236,440
T5: 166.33331,233.66669,190.33331,235.0
T5_int: 166,233,190,235
fem_center: 201.0,758.5
fem_center_int: 201,758
image: data/Lat0001-1000_processed/train/00791/00791.jpg
image_label: data/Lat0001-1000_processed/train/00791/00791_label.jpg
