L1: 171.66669,443.6667,199.66669,441.3333
L1_int: 171,443,199,441
S1: 170.0,622.0,200.66669,635.6667
S1_int: 170,622,200,635
T12: 169.66669,439.6667,198.0,437.0
T12_int: 169,439,198,437
T5: 153.5,221.25,176.0,220.5
T5_int: 153,221,176,220
fem_center: 206.0,784.0
fem_center_int: 206,784
image: data/Lat0001-1000_processed/train/00732/00732.jpg
image_label: data/Lat0001-1000_processed/train/00732/00732_label.jpg
