L1: 211.5,386.5,248.5,381.5
L1_int: 211,386,248,381
S1: 209.0,593.75,234.0,626.25
S1_int: 209,593,234,626
T12: 209.33331,377.3333,243.0,370.3333
T12_int: 209,377,243,370
T5: 187.66669,137.0,223.66669,138.6667
T5_int: 187,137,223,138
fem_center: 219.25,766.5
fem_center_int: 219,766
image: data/Lat0001-1000_processed/train/00096/00096.jpg
image_label: data/Lat0001-1000_processed/train/00096/00096_label.jpg
