L1: 152.33331,437.6667,184.0,429.0
L1_int: 152,437,184,429
S1: 154.0,637.0,183.33331,654.3333
S1_int: 154,637,183,654
T12: 149.66669,428.6667,182.33331,421.0
T12_int: 149,428,182,421
T5: 135.66669,194.6667,159.33331,199.0
T5_int: 135,194,159,199
fem_center: 183.0,776.0
fem_center_int: 183,776
image: data/Lat0001-1000_processed/train/00518/00518.jpg
image_label: data/Lat0001-1000_processed/train/00518/00518_label.jpg
