L1: 194.5,459.5,235.5,451.0
L1_int: 194,459,235,451
S1: 199.33331,648.0,221.33331,673.0
S1_int: 199,648,221,673
T12: 192.0,448.5,232.0,440.5
T12_int: 192,448,232,440
T5: 165.0,178.5,191.0,180.5
T5_int: 165,178,191,180
fem_center: 231.75,782.75
fem_center_int: 231,782
image: data/Lat0001-1000_processed/train/00242/00242.jpg
image_label: data/Lat0001-1000_processed/train/00242/00242_label.jpg
