L1: 181.0,428.5,211.0,428.5
L1_int: 181,428,211,428
S1: 176.5,625.5,202.5,642.5
S1_int: 176,625,202,642
T12: 180.0,420.0,210.0,418.5
T12_int: 180,420,210,418
T5: 162.16669,186.0833,187.16669,190.5833
T5_int: 162,186,187,190
fem_center: 211.5,770.5
fem_center_int: 211,770
image: data/Lat0001-1000_processed/train/00377/00377.jpg
image_label: data/Lat0001-1000_processed/train/00377/00377_label.jpg
