L1: 164.66669,469.6667,196.0,461.6667
L1_int: 164,469,196,461
S1: 149.66669,660.3333,172.66669,684.3333
S1_int: 149,660,172,684
T12: 162.0,461.0,194.0,453.6667
T12_int: 162,461,194,453
T5: 128.0,209.5,151.0,213.25
T5_int: 128,209,151,213
fem_center: 180.0,780.5
fem_center_int: 180,780
image: data/Lat0001-1000_processed/train/00610/00610.jpg
image_label: data/Lat0001-1000_processed/train/00610/00610_label.jpg
