L1: 205.0,452.3333,243.33331,448.6667
L1_int: 205,452,243,448
S1: 213.66669,648.3333,242.0,673.3333
S1_int: 213,648,242,673
T12: 204.0,440.6667,239.66669,437.6667
T12_int: 204,440,239,437
T5: 187.75,202.25,216.5,203.75
T5_int: 187,202,216,203
fem_center: 263.0,793.0
fem_center_int: 263,793
image: data/Lat0001-1000_processed/train/00540/00540.jpg
image_label: data/Lat0001-1000_processed/train/00540/00540_label.jpg
