L1: 217.0,410.6667,243.0,404.6667
L1_int: 217,410,243,404
S1: 228.66669,582.6667,252.0,598.0
S1_int: 228,582,252,598
T12: 212.66669,400.0,239.33331,395.3333
T12_int: 212,400,239,395
T5: 186.5,194.75,205.25,196.75
T5_int: 186,194,205,196
fem_center: 244.0,731.0
fem_center_int: 244,731
image: data/Lat0001-1000_processed/train/00598/00598.jpg
image_label: data/Lat0001-1000_processed/train/00598/00598_label.jpg
