L1: 173.0,410.6667,203.33331,409.3333
L1_int: 173,410,203,409
S1: 173.0,597.6667,204.33331,613.3333
S1_int: 173,597,204,613
T12: 173.33331,406.0,204.33331,404.3333
T12_int: 173,406,204,404
T5: 143.25,176.25,165.0,173.75
T5_int: 143,176,165,173
fem_center: 200.0,736.5
fem_center_int: 200,736
image: data/Lat0001-1000_processed/train/00958/00958.jpg
image_label: data/Lat0001-1000_processed/train/00958/00958_label.jpg
