L1: 129.33331,422.3333,166.0,420.6667
L1_int: 129,422,166,420
S1: 164.33331,618.0,202.0,636.0
S1_int: 164,618,202,636
T12: 128.66669,412.3333,166.0,410.6667
T12_int: 128,412,166,410
T5: 136.75,181.5,158.33331,183.6667
T5_int: 136,181,158,183
fem_center: 217.0,761.0
fem_center_int: 217,761
image: data/Lat0001-1000_processed/train/00469/00469.jpg
image_label: data/Lat0001-1000_processed/train/00469/00469_label.jpg
