L1: 212.55923,407.55255,246.96683,400.9644
L1_int: 212,407,246,400
S1: 189.52606,594.1295,214.83412,621.0093
S1_int: 189,594,214,621
T12: 210.0,399.11972,244.4076,391.47742
T12_int: 210,399,244,391
T5: 159.66824,159.57388,187.8199,162.7362
T5_int: 159,159,187,162
fem_center: 194.50237,745.92096
fem_center_int: 194,745
image: data/Lat0001-1000_processed/train/00305/00305.jpg
image_label: data/Lat0001-1000_processed/train/00305/00305_label.jpg
