L1: 140.33331,503.0,171.0,499.6667
L1_int: 140,503,171,499
S1: 137.0,690.6667,172.33331,713.3333
S1_int: 137,690,172,713
T12: 138.33331,496.0,171.0,492.0
T12_int: 138,496,171,492
T5: 103.0,261.3333,135.0,265.3333
T5_int: 103,261,135,265
fem_center: 187.0,833.0
fem_center_int: 187,833
image: data/Lat0001-1000_processed/train/00156/00156.jpg
image_label: data/Lat0001-1000_processed/train/00156/00156_label.jpg
