L1: 196.0,461.6667,225.66669,449.6667
L1_int: 196,461,225,449
S1: 169.66669,632.3333,191.0,662.0
S1_int: 169,632,191,662
T12: 192.33331,455.3333,220.66669,443.0
T12_int: 192,455,220,443
T5: 125.0,236.33331,147.66669,239.33331
T5_int: 125,236,147,239
fem_center: 209.0,779.5
fem_center_int: 209,779
image: data/Lat0001-1000_processed/train/00513/00513.jpg
image_label: data/Lat0001-1000_processed/train/00513/00513_label.jpg
