L1: 170.83331,466.6667,201.83331,457.3333
L1_int: 170,466,201,457
S1: 182.0,654.0,211.33331,676.6667
S1_int: 182,654,211,676
T12: 169.83331,462.6667,200.16669,451.3333
T12_int: 169,462,200,451
T5: 127.0,241.0,153.0,243.66669
T5_int: 127,241,153,243
fem_center: 226.5,808.0
fem_center_int: 226,808
image: data/Lat0001-1000_processed/train/00897/00897.jpg
image_label: data/Lat0001-1000_processed/train/00897/00897_label.jpg
