L1: 214.0,443.6667,238.0,439.6667
L1_int: 214,443,238,439
S1: 208.66669,611.0,232.33331,637.0
S1_int: 208,611,232,637
T12: 211.33331,435.6667,239.33331,432.3333
T12_int: 211,435,239,432
T5: 180.0,218.33331,209.66669,220.33331
T5_int: 180,218,209,220
fem_center: 226.0,743.0
fem_center_int: 226,743
image: data/Lat0001-1000_processed/train/00563/00563.jpg
image_label: data/Lat0001-1000_processed/train/00563/00563_label.jpg
