L1: 242.0,401.5742,272.0,399.40646
L1_int: 242,401,272,399
S1: 195.0,582.5806,214.0,614.0129
S1_int: 195,582,214,614
T12: 239.0,396.15485,268.0,390.73547
T12_int: 239,396,268,390
T5: 196.0,178.29677,232.0,185.88387
T5_int: 196,178,232,185
fem_center: 181.5,735.94836
fem_center_int: 181,735
image: data/Lat0001-1000_processed/train/00012/00012.jpg
image_label: data/Lat0001-1000_processed/train/00012/00012_label.jpg
