L1: 169.0,452.3333,199.0,446.0
L1_int: 169,452,199,446
S1: 170.0,643.0,195.66669,664.0
S1_int: 170,643,195,664
T12: 165.33331,446.0,195.0,437.3333
T12_int: 165,446,195,437
T5: 118.16669,191.3333,143.66669,198.6667
T5_int: 118,191,143,198
fem_center: 177.0,779.5
fem_center_int: 177,779
image: data/Lat0001-1000_processed/train/00490/00490.jpg
image_label: data/Lat0001-1000_processed/train/00490/00490_label.jpg
