L1: 141.0,428.6667,168.66669,433.0
L1_int: 141,428,168,433
S1: 150.33331,632.0,180.33331,614.3333
S1_int: 150,632,180,614
T12: 144.0,423.6667,171.66669,428.0
T12_int: 144,423,171,428
T5: 182.0,210.0,200.0,209.25
T5_int: 182,210,200,209
fem_center: 127.0,740.75
fem_center_int: 127,740
image: data/Lat0001-1000_processed/train/00634/00634.jpg
image_label: data/Lat0001-1000_processed/train/00634/00634_label.jpg
