L1: 184.0,462.5,211.5,469.0
L1_int: 184,462,211,469
S1: 219.66669,674.6667,244.66669,653.6667
S1_int: 219,674,244,653
T12: 184.33331,451.3333,216.0,458.0
T12_int: 184,451,216,458
T5: 209.0,234.0,230.0,232.5
T5_int: 209,234,230,232
fem_center: 190.5,793.0
fem_center_int: 190,793
image: data/Lat0001-1000_processed/train/00412/00412.jpg
image_label: data/Lat0001-1000_processed/train/00412/00412_label.jpg
