L1: 239.33331,466.0,272.3333,462.3333
L1_int: 239,466,272,462
S1: 215.66669,641.3333,236.33331,668.6667
S1_int: 215,641,236,668
T12: 234.33331,459.6667,272.3333,456.3333
T12_int: 234,459,272,456
T5: 193.66669,235.66669,220.0,235.66669
T5_int: 193,235,220,235
fem_center: 251.5,779.0
fem_center_int: 251,779
image: data/Lat0001-1000_processed/train/00970/00970.jpg
image_label: data/Lat0001-1000_processed/train/00970/00970_label.jpg
