L1: 141.0,443.0,167.33331,440.3333
L1_int: 141,443,167,440
S1: 158.0,634.3333,183.33331,650.6667
S1_int: 158,634,183,650
T12: 138.0,434.3333,166.66669,430.6667
T12_int: 138,434,166,430
T5: 126.66669,208.0,156.66669,212.0
T5_int: 126,208,156,212
fem_center: 171.0,769.0
fem_center_int: 171,769
image: data/Lat0001-1000_processed/train/00680/00680.jpg
image_label: data/Lat0001-1000_processed/train/00680/00680_label.jpg
