L1: 73.6667,436.3333,105.6667,450.0
L1_int: 73,436,105,450
S1: 56.333298,660.3333,86.6667,636.6667
S1_int: 56,660,86,636
T12: 81.0,428.0,112.6667,442.6667
T12_int: 81,428,112,442
T5: 155.33331,206.66669,179.66669,206.0
T5_int: 155,206,179,206
fem_center: 36.0,770.0
fem_center_int: 36,770
image: data/Lat0001-1000_processed/train/00829/00829.jpg
image_label: data/Lat0001-1000_processed/train/00829/00829_label.jpg
