L1: 75.3333,474.0,111.0,477.0
L1_int: 75,474,111,477
S1: 96.0,717.0,131.3333,691.3333
S1_int: 96,717,131,691
T12: 78.0,463.6667,114.3333,469.3333
T12_int: 78,463,114,469
T5: 185.83331,208.66669,206.16669,207.33331
T5_int: 185,208,206,207
fem_center: 66.5,837.0
fem_center_int: 66,837
image: data/Lat0001-1000_processed/train/00886/00886.jpg
image_label: data/Lat0001-1000_processed/train/00886/00886_label.jpg
