L1: 155.66669,478.6667,186.33331,474.6667
L1_int: 155,478,186,474
S1: 147.0,653.3333,171.0,674.0
S1_int: 147,653,171,674
T12: 155.0,469.6667,185.33331,467.3333
T12_int: 155,469,185,467
T5: 163.0,253.66669,184.33331,260.0
T5_int: 163,253,184,260
fem_center: 191.0,786.5
fem_center_int: 191,786
image: data/Lat0001-1000_processed/train/00780/00780.jpg
image_label: data/Lat0001-1000_processed/train/00780/00780_label.jpg
