L1: 155.33331,406.6667,183.33331,413.0
L1_int: 155,406,183,413
S1: 165.66669,638.6667,187.33331,615.6667
S1_int: 165,638,187,615
T12: 160.66669,392.6667,187.33331,400.3333
T12_int: 160,392,187,400
T5: 193.0,189.3333,222.33331,190.6667
T5_int: 193,189,222,190
fem_center: 178.0,761.5
fem_center_int: 178,761
image: data/Lat0001-1000_processed/train/00327/00327.jpg
image_label: data/Lat0001-1000_processed/train/00327/00327_label.jpg
