L1: 195.66669,517.3333,231.66669,515.0
L1_int: 195,517,231,515
S1: 229.0,685.0,262.0,707.3333
S1_int: 229,685,262,707
T12: 193.66669,510.0,235.33331,504.6667
T12_int: 193,510,235,504
T5: 168.66669,257.0,204.0,255.66669
T5_int: 168,257,204,255
fem_center: 245.5,810.5
fem_center_int: 245,810
image: data/Lat0001-1000_processed/train/00747/00747.jpg
image_label: data/Lat0001-1000_processed/train/00747/00747_label.jpg
