L1: 237.0,319.3333,274.3333,325.3333
L1_int: 237,319,274,325
S1: 226.5,579.0,268.5,552.5
S1_int: 226,579,268,552
T12: 239.66669,311.3333,273.6667,314.0
T12_int: 239,311,273,314
T5: 33.0,148.0,64.66669,125.3333
T5_int: 33,148,64,125
fem_center: 239.0,769.0
fem_center_int: 239,769
image: data/Lat0001-1000_processed/train/00030/00030.jpg
image_label: data/Lat0001-1000_processed/train/00030/00030_label.jpg
