L1: 180.83331,457.1667,211.83331,447.5
L1_int: 180,457,211,447
S1: 195.0,624.3333,215.66669,648.3333
S1_int: 195,624,215,648
T12: 177.66669,448.8333,209.0,437.8333
T12_int: 177,448,209,437
T5: 128.33331,240.0,153.66669,243.33331
T5_int: 128,240,153,243
fem_center: 243.5,737.0
fem_center_int: 243,737
image: data/Lat0001-1000_processed/train/00547/00547.jpg
image_label: data/Lat0001-1000_processed/train/00547/00547_label.jpg
