L1: 173.0,469.5,206.0,463.5
L1_int: 173,469,206,463
S1: 169.33331,681.6667,196.66669,709.6667
S1_int: 169,681,196,709
T12: 166.5,462.0,204.0,454.5
T12_int: 166,462,204,454
T5: 128.0,190.5,156.0,196.5
T5_int: 128,190,156,196
fem_center: 212.5,837.0
fem_center_int: 212,837
image: data/Lat0001-1000_processed/train/00317/00317.jpg
image_label: data/Lat0001-1000_processed/train/00317/00317_label.jpg
