L1: 159.25,439.75,189.33331,439.6667
L1_int: 159,439,189,439
S1: 167.33331,636.0,204.0,648.0
S1_int: 167,636,204,648
T12: 152.5,431.1667,188.25,429.25
T12_int: 152,431,188,429
T5: 125.0,219.75,150.0,223.25
T5_int: 125,219,150,223
fem_center: 186.0,746.0
fem_center_int: 186,746
image: data/Lat0001-1000_processed/train/00754/00754.jpg
image_label: data/Lat0001-1000_processed/train/00754/00754_label.jpg
