L1: 206.0,440.3333,239.33331,439.6667
L1_int: 206,440,239,439
S1: 198.66669,637.6667,231.66669,665.3333
S1_int: 198,637,231,665
T12: 204.0,431.6667,238.66669,431.3333
T12_int: 204,431,238,431
T5: 200.0,202.3333,234.0,203.6667
T5_int: 200,202,234,203
fem_center: 243.5,760.5
fem_center_int: 243,760
image: data/Lat0001-1000_processed/train/00932/00932.jpg
image_label: data/Lat0001-1000_processed/train/00932/00932_label.jpg
