L1: 171.0,428.0,197.33331,424.0
L1_int: 171,428,197,424
S1: 153.66669,615.6667,178.33331,637.3333
S1_int: 153,615,178,637
T12: 168.33331,419.0,197.66669,414.3333
T12_int: 168,419,197,414
T5: 126.0,198.3333,149.33331,199.3333
T5_int: 126,198,149,199
fem_center: 165.5,769.5
fem_center_int: 165,769
image: data/Lat0001-1000_processed/train/00702/00702.jpg
image_label: data/Lat0001-1000_processed/train/00702/00702_label.jpg
