L1: 206.0,403.6667,239.33331,398.0
L1_int: 206,403,239,398
S1: 186.16669,583.5833,220.0,607.3333
S1_int: 186,583,220,607
T12: 205.0,395.6667,239.0,391.3333
T12_int: 205,395,239,391
T5: 185.5,171.0,207.75,171.5
T5_int: 185,171,207,171
fem_center: 222.75,733.5
fem_center_int: 222,733
image: data/Lat0001-1000_processed/train/00632/00632.jpg
image_label: data/Lat0001-1000_processed/train/00632/00632_label.jpg
