L1: 200.0,455.3333,230.66669,451.0
L1_int: 200,455,230,451
S1: 209.33331,622.3333,236.0,650.0
S1_int: 209,622,236,650
T12: 198.0,448.3333,228.66669,442.3333
T12_int: 198,448,228,442
T5: 145.66669,215.66669,170.66669,219.0
T5_int: 145,215,170,219
fem_center: 213.0,772.0
fem_center_int: 213,772
image: data/Lat0001-1000_processed/train/00649/00649.jpg
image_label: data/Lat0001-1000_processed/train/00649/00649_label.jpg
