L1: 144.33331,420.0,175.0,412.3333
L1_int: 144,420,175,412
S1: 148.0,608.6667,174.33331,623.3333
S1_int: 148,608,174,623
T12: 137.66669,412.6667,171.66669,405.6667
T12_int: 137,412,171,405
T5: 124.33331,190.6667,153.0,198.3333
T5_int: 124,190,153,198
fem_center: 166.5,758.5
fem_center_int: 166,758
image: data/Lat0001-1000_processed/train/00432/00432.jpg
image_label: data/Lat0001-1000_processed/train/00432/00432_label.jpg
