L1: 136.66669,485.0,173.66669,498.6667
L1_int: 136,485,173,498
S1: 90.3333,725.3333,122.33331,706.3333
S1_int: 90,725,122,706
T12: 141.33331,477.6667,177.25,489.25
T12_int: 141,477,177,489
T5: 209.25,241.25,233.25,240.75
T5_int: 209,241,233,240
fem_center: 95.5,823.5
fem_center_int: 95,823
image: data/Lat0001-1000_processed/train/00876/00876.jpg
image_label: data/Lat0001-1000_processed/train/00876/00876_label.jpg
