L1: 153.33331,442.3333,190.66669,434.6667
L1_int: 153,442,190,434
S1: 163.33331,649.3333,196.66669,673.3333
S1_int: 163,649,196,673
T12: 150.33331,435.3333,187.0,429.6667
T12_int: 150,435,187,429
T5: 125.66669,186.3333,155.0,187.3333
T5_int: 125,186,155,187
fem_center: 188.0,794.0
fem_center_int: 188,794
image: data/Lat0001-1000_processed/train/00613/00613.jpg
image_label: data/Lat0001-1000_processed/train/00613/00613_label.jpg
