L1: 214.66669,473.3333,245.33331,473.0
L1_int: 214,473,245,473
S1: 205.33331,651.6667,232.0,675.0
S1_int: 205,651,232,675
T12: 212.66669,467.6667,242.66669,466.6667
T12_int: 212,467,242,466
T5: 197.0,253.66669,221.33331,255.66669
T5_int: 197,253,221,255
fem_center: 217.5,782.0
fem_center_int: 217,782
image: data/Lat0001-1000_processed/train/00609/00609.jpg
image_label: data/Lat0001-1000_processed/train/00609/00609_label.jpg
