L1: 194.0,453.6667,217.33331,462.3333
L1_int: 194,453,217,462
S1: 156.66669,665.3333,180.66669,648.6667
S1_int: 156,665,180,648
T12: 194.66669,445.3333,219.33331,457.3333
T12_int: 194,445,219,457
T5: 175.0,234.0,200.66669,222.5
T5_int: 175,234,200,222
fem_center: 248.5,789.0
fem_center_int: 248,789
image: data/Lat0001-1000_processed/train/00852/00852.jpg
image_label: data/Lat0001-1000_processed/train/00852/00852_label.jpg
