L1: 160.33331,465.6667,191.66669,450.6667
L1_int: 160,465,191,450
S1: 174.33331,650.3333,200.66669,673.3333
S1_int: 174,650,200,673
T12: 158.66669,459.0,186.33331,443.6667
T12_int: 158,459,186,443
T5: 88.33331,242.0,115.0,245.0
T5_int: 88,242,115,245
fem_center: 191.0,779.5
fem_center_int: 191,779
image: data/Lat0001-1000_processed/train/00739/00739.jpg
image_label: data/Lat0001-1000_processed/train/00739/00739_label.jpg
