L1: 151.0,443.5,184.0,439.0
L1_int: 151,443,184,439
S1: 158.33331,643.3333,190.33331,660.3333
S1_int: 158,643,190,660
T12: 151.0,435.0,183.0,429.5
T12_int: 151,435,183,429
T5: 127.5,199.5,150.5,200.5
T5_int: 127,199,150,200
fem_center: 204.5,788.5
fem_center_int: 204,788
image: data/Lat0001-1000_processed/train/00381/00381.jpg
image_label: data/Lat0001-1000_processed/train/00381/00381_label.jpg
