L1: 222.5,434.5,250.33331,432.6667
L1_int: 222,434,250,432
S1: 199.0,617.6667,226.66669,635.0
S1_int: 199,617,226,635
T12: 221.0,430.0,250.66669,426.0
T12_int: 221,430,250,426
T5: 177.0,216.33331,207.0,218.33331
T5_int: 177,216,207,218
fem_center: 229.5,751.0
fem_center_int: 229,751
image: data/Lat0001-1000_processed/train/00612/00612.jpg
image_label: data/Lat0001-1000_processed/train/00612/00612_label.jpg
