L1: 174.66669,433.6667,200.0,427.6667
L1_int: 174,433,200,427
S1: 170.66669,613.6667,193.33331,634.6667
S1_int: 170,613,193,634
T12: 170.0,427.3333,198.33331,420.0
T12_int: 170,427,198,420
T5: 148.33331,212.66669,182.33331,219.66669
T5_int: 148,212,182,219
fem_center: 201.5,745.75
fem_center_int: 201,745
image: data/Lat0001-1000_processed/train/00787/00787.jpg
image_label: data/Lat0001-1000_processed/train/00787/00787_label.jpg
