L1: 118.89502,466.09406,166.07735,460.47247
L1_int: 118,466,166,460
S1: 117.058014,647.4606,154.95857,669.38477
S1_int: 117,647,154,669
T12: 114.640884,458.22382,159.50276,452.8833
T12_int: 114,458,159,452
T5: 89.50276,224.92786,122.37569,226.89542
T5_int: 89,224,122,226
fem_center: 191.74724,773.38416
fem_center_int: 191,773
image: data/Lat0001-1000_processed/train/00401/00401.jpg
image_label: data/Lat0001-1000_processed/train/00401/00401_label.jpg
