L1: 177.33331,479.0,205.0,480.3333
L1_int: 177,479,205,480
S1: 140.5,675.75,166.0,696.5
S1_int: 140,675,166,696
T12: 175.66669,469.0,206.66669,469.0
T12_int: 175,469,206,469
T5: 137.0,238.0,163.0,237.75
T5_int: 137,238,163,237
fem_center: 173.0,835.5
fem_center_int: 173,835
image: data/Lat0001-1000_processed/train/00935/00935.jpg
image_label: data/Lat0001-1000_processed/train/00935/00935_label.jpg
