L1: 179.0,407.0,210.0,418.0
L1_int: 179,407,210,418
S1: 158.0,613.0,183.66669,599.3333
S1_int: 158,613,183,599
T12: 182.0,400.5,213.5,411.5
T12_int: 182,400,213,411
T5: 242.66669,194.6667,265.6667,192.0
T5_int: 242,194,265,192
fem_center: 141.0,736.5
fem_center_int: 141,736
image: data/Lat0001-1000_processed/train/00422/00422.jpg
image_label: data/Lat0001-1000_processed/train/00422/00422_label.jpg
