L1: 182.33331,458.0,213.0,450.0
L1_int: 182,458,213,450
S1: 149.25,650.75,175.5,673.25
S1_int: 149,650,175,673
T12: 177.66669,451.6667,210.33331,441.0
T12_int: 177,451,210,441
T5: 123.5,231.0,143.66669,230.33331
T5_int: 123,231,143,230
fem_center: 210.5,777.0
fem_center_int: 210,777
image: data/Lat0001-1000_processed/train/00892/00892.jpg
image_label: data/Lat0001-1000_processed/train/00892/00892_label.jpg
