L1: 188.0,468.6667,216.0,460.3333
L1_int: 188,468,216,460
S1: 164.33331,645.0,186.33331,667.3333
S1_int: 164,645,186,667
T12: 184.0,459.0,213.66669,453.6667
T12_int: 184,459,213,453
T5: 132.33331,228.66669,161.0,229.33331
T5_int: 132,228,161,229
fem_center: 224.0,765.5
fem_center_int: 224,765
image: data/Lat0001-1000_processed/train/00701/00701.jpg
image_label: data/Lat0001-1000_processed/train/00701/00701_label.jpg
