L1: 171.0,439.5,208.0,449.0
L1_int: 171,439,208,449
S1: 160.0,681.5,192.5,660.0
S1_int: 160,681,192,660
T12: 173.5,427.0,209.5,438.0
T12_int: 173,427,209,438
T5: 196.66669,207.0,226.0,206.66669
T5_int: 196,207,226,206
fem_center: 144.0,818.5
fem_center_int: 144,818
image: data/Lat0001-1000_processed/train/00386/00386.jpg
image_label: data/Lat0001-1000_processed/train/00386/00386_label.jpg
