L1: 139.0,500.3333,158.0,497.3333
L1_int: 139,500,158,497
S1: 192.0,668.6667,221.33331,690.0
S1_int: 192,668,221,690
T12: 145.0,489.3333,183.33331,497.0
T12_int: 145,489,183,497
T5: 137.33331,259.3333,167.0,259.3333
T5_int: 137,259,167,259
fem_center: 197.5,813.5
fem_center_int: 197,813
image: data/Lat0001-1000_processed/train/00941/00941.jpg
image_label: data/Lat0001-1000_processed/train/00941/00941_label.jpg
