L1: 144.66669,385.3333,182.66669,376.0
L1_int: 144,385,182,376
S1: 158.0,617.3333,194.0,636.0
S1_int: 158,617,194,636
T12: 144.33331,383.3333,182.33331,374.0
T12_int: 144,383,182,374
T5: 89.66669,116.6667,124.33331,123.3333
T5_int: 89,116,124,123
fem_center: 184.0,807.0
fem_center_int: 184,807
image: data/Lat0001-1000_processed/train/00229/00229.jpg
image_label: data/Lat0001-1000_processed/train/00229/00229_label.jpg
