L1: 232.17532,418.16254,265.49582,412.7118
L1_int: 232,418,265,412
S1: 205.93091,602.3811,232.8023,629.46454
S1_int: 205,602,232,629
T12: 228.59244,408.45337,263.7044,401.63995
T12_int: 228,408,263,401
T5: 219.27704,164.53204,245.07358,170.66415
T5_int: 219,164,245,170
fem_center: 175.83493,755.6836
fem_center_int: 175,755
image: data/Lat0001-1000_processed/train/00576/00576.jpg
image_label: data/Lat0001-1000_processed/train/00576/00576_label.jpg
