L1: 171.0,439.3333,203.0,442.0
L1_int: 171,439,203,442
S1: 167.66669,634.0,200.0,621.3333
S1_int: 167,634,200,621
T12: 173.33331,432.3333,207.0,437.0
T12_int: 173,432,207,437
T5: 207.25,230.75,225.5,229.75
T5_int: 207,230,225,229
fem_center: 158.0,746.0
fem_center_int: 158,746
image: data/Lat0001-1000_processed/train/00603/00603.jpg
image_label: data/Lat0001-1000_processed/train/00603/00603_label.jpg
