L1: 131.75,435.75,161.5,435.25
L1_int: 131,435,161,435
S1: 133.33331,630.6667,175.33331,657.6667
S1_int: 133,630,175,657
T12: 132.5,432.75,160.5,432.75
T12_int: 132,432,160,432
T5: 128.5,246.25,156.75,248.66669
T5_int: 128,246,156,248
fem_center: 208.0,773.0
fem_center_int: 208,773
image: data/Lat0001-1000_processed/train/00652/00652.jpg
image_label: data/Lat0001-1000_processed/train/00652/00652_label.jpg
