L1: 180.33331,481.3333,213.66669,473.3333
L1_int: 180,481,213,473
S1: 196.33331,681.3333,223.66669,706.0
S1_int: 196,681,223,706
T12: 179.0,474.6667,210.33331,467.3333
T12_int: 179,474,210,467
T5: 173.66669,228.0,197.66669,236.66669
T5_int: 173,228,197,236
fem_center: 239.5,835.0
fem_center_int: 239,835
image: data/Lat0001-1000_processed/train/00220/00220.jpg
image_label: data/Lat0001-1000_processed/train/00220/00220_label.jpg
