L1: 240.66669,438.0,269.6667,429.0
L1_int: 240,438,269,429
S1: 237.66669,618.0,257.0,645.0
S1_int: 237,618,257,645
T12: 237.0,432.0,265.6667,419.3333
T12_int: 237,432,265,419
T5: 185.0,211.0,210.33331,217.0
T5_int: 185,211,210,217
fem_center: 263.5,772.0
fem_center_int: 263,772
image: data/Lat0001-1000_processed/train/00926/00926.jpg
image_label: data/Lat0001-1000_processed/train/00926/00926_label.jpg
