L1: 156.33331,458.0,184.0,450.6667
L1_int: 156,458,184,450
S1: 149.66669,621.6667,176.66669,644.0
S1_int: 149,621,176,644
T12: 153.66669,450.6667,180.0,443.6667
T12_int: 153,450,180,443
T5: 124.66669,233.66669,146.66669,239.66669
T5_int: 124,233,146,239
fem_center: 194.5,739.5
fem_center_int: 194,739
image: data/Lat0001-1000_processed/train/00728/00728.jpg
image_label: data/Lat0001-1000_processed/train/00728/00728_label.jpg
