L1: 117.0,406.0,153.0,413.3333
L1_int: 117,406,153,413
S1: 162.0,621.3333,190.0,597.6667
S1_int: 162,621,190,597
T12: 117.66669,400.3333,151.66669,407.3333
T12_int: 117,400,151,407
T5: 202.66669,151.0,225.66669,151.0
T5_int: 202,151,225,151
fem_center: 156.0,730.0
fem_center_int: 156,730
image: data/Lat0001-1000_processed/train/00921/00921.jpg
image_label: data/Lat0001-1000_processed/train/00921/00921_label.jpg
