L1: 103.0,467.5,135.0,469.5
L1_int: 103,467,135,469
S1: 138.33331,671.0,157.0,649.6667
S1_int: 138,671,157,649
T12: 105.33331,455.0,140.66669,462.3333
T12_int: 105,455,140,462
T5: 160.0,265.0,196.0,258.5
T5_int: 160,265,196,258
fem_center: 135.0,787.0
fem_center_int: 135,787
image: data/Lat0001-1000_processed/train/00099/00099.jpg
image_label: data/Lat0001-1000_processed/train/00099/00099_label.jpg
