L1: 222.33331,453.0,258.3333,449.0
L1_int: 222,453,258,449
S1: 223.66669,663.3333,259.3333,684.6667
S1_int: 223,663,259,684
T12: 217.66669,442.3333,255.66669,439.0
T12_int: 217,442,255,439
T5: 191.25,184.25,221.25,188.25
T5_int: 191,184,221,188
fem_center: 229.5,810.0
fem_center_int: 229,810
image: data/Lat0001-1000_processed/train/00336/00336.jpg
image_label: data/Lat0001-1000_processed/train/00336/00336_label.jpg
