L1: 160.33331,422.0,189.66669,411.6667
L1_int: 160,422,189,411
S1: 192.0,619.0,222.0,642.0
S1_int: 192,619,222,642
T12: 156.33331,414.6667,186.66669,405.6667
T12_int: 156,414,186,405
T5: 123.0,180.0,150.33331,184.0
T5_int: 123,180,150,184
fem_center: 200.5,762.5
fem_center_int: 200,762
image: data/Lat0001-1000_processed/train/00666/00666.jpg
image_label: data/Lat0001-1000_processed/train/00666/00666_label.jpg
