L1: 162.66669,424.6667,192.0,431.6667
L1_int: 162,424,192,431
S1: 155.75,633.5,184.25,612.25
S1_int: 155,633,184,612
T12: 167.33331,419.3333,199.0,426.3333
T12_int: 167,419,199,426
T5: 208.33331,202.6667,230.66669,201.0
T5_int: 208,202,230,201
fem_center: 150.0,731.0
fem_center_int: 150,731
image: data/Lat0001-1000_processed/train/00529/00529.jpg
image_label: data/Lat0001-1000_processed/train/00529/00529_label.jpg
