L1: 160.0,462.6667,191.66669,461.6667
L1_int: 160,462,191,461
S1: 130.0,652.6667,161.33331,682.6667
S1_int: 130,652,161,682
T12: 160.0,454.0,192.66669,452.3333
T12_int: 160,454,192,452
T5: 148.66669,224.0,176.66669,225.0
T5_int: 148,224,176,225
fem_center: 196.0,788.5
fem_center_int: 196,788
image: data/Lat0001-1000_processed/train/00695/00695.jpg
image_label: data/Lat0001-1000_processed/train/00695/00695_label.jpg
