L1: 168.0,504.0,208.0,515.6667
L1_int: 168,504,208,515
S1: 189.33331,752.0,216.66669,728.3333
S1_int: 189,752,216,728
T12: 172.33331,494.6667,211.0,507.6667
T12_int: 172,494,211,507
T5: 231.0,240.0,258.3333,240.33331
T5_int: 231,240,258,240
fem_center: 156.0,842.0
fem_center_int: 156,842
image: data/Lat0001-1000_processed/train/00811/00811.jpg
image_label: data/Lat0001-1000_processed/train/00811/00811_label.jpg
