L1: 161.9469,410.0,194.86726,405.5
L1_int: 161,410,194,405
S1: 163.53983,624.0,193.98235,645.6667
S1_int: 163,624,193,645
T12: 158.23009,400.5,190.61948,395.5
T12_int: 158,400,190,395
T5: 139.64601,147.5,176.28319,149.25
T5_int: 139,147,176,149
fem_center: 190.0885,772.0
fem_center_int: 190,772
image: data/Lat0001-1000_processed/train/00001/00001.jpg
image_label: data/Lat0001-1000_processed/train/00001/00001_label.jpg
