L1: 128.3333,388.6667,158.66669,391.6667
L1_int: 128,388,158,391
S1: 114.1667,615.1667,142.0,598.6667
S1_int: 114,615,142,598
T12: 128.3333,381.1667,159.0,384.0
T12_int: 128,381,159,384
T5: 160.33331,162.1667,183.33331,161.6667
T5_int: 160,162,183,161
fem_center: 118.5,751.5
fem_center_int: 118,751
image: data/Lat0001-1000_processed/train/00847/00847.jpg
image_label: data/Lat0001-1000_processed/train/00847/00847_label.jpg
