L1: 167.33331,483.3333,202.5,482.75
L1_int: 167,483,202,482
S1: 149.5,679.25,176.25,701.75
S1_int: 149,679,176,701
T12: 169.5,476.25,200.0,475.25
T12_int: 169,476,200,475
T5: 159.33331,239.5,187.16669,242.5
T5_int: 159,239,187,242
fem_center: 219.5,804.0
fem_center_int: 219,804
image: data/Lat0001-1000_processed/train/00948/00948.jpg
image_label: data/Lat0001-1000_processed/train/00948/00948_label.jpg
