L1: 191.66669,483.6667,221.66669,475.3333
L1_int: 191,483,221,475
S1: 156.5,653.75,173.0,685.75
S1_int: 156,653,173,685
T12: 190.0,472.3333,216.66669,462.3333
T12_int: 190,472,216,462
T5: 141.0,211.5,169.5,215.5
T5_int: 141,211,169,215
fem_center: 194.25,803.5
fem_center_int: 194,803
image: data/Lat0001-1000_processed/train/00191/00191.jpg
image_label: data/Lat0001-1000_processed/train/00191/00191_label.jpg
