L1: 185.0,439.6667,221.0,440.0
L1_int: 185,439,221,440
S1: 153.0,639.3333,178.33331,663.3333
S1_int: 153,639,178,663
T12: 185.33331,431.6667,216.0,429.3333
T12_int: 185,431,216,429
T5: 154.33331,199.3333,183.0,201.0
T5_int: 154,199,183,201
fem_center: 184.0,777.5
fem_center_int: 184,777
image: data/Lat0001-1000_processed/train/00938/00938.jpg
image_label: data/Lat0001-1000_processed/train/00938/00938_label.jpg
