L1: 174.33331,512.6667,207.66669,513.6667
L1_int: 174,512,207,513
S1: 133.0,707.3333,164.0,732.0
S1_int: 133,707,164,732
T12: 175.0,504.3333,205.0,500.6667
T12_int: 175,504,205,500
T5: 118.0,267.3333,148.0,267.3333
T5_int: 118,267,148,267
fem_center: 175.5,828.5
fem_center_int: 175,828
image: data/Lat0001-1000_processed/train/00959/00959.jpg
image_label: data/Lat0001-1000_processed/train/00959/00959_label.jpg
