L1: 183.33331,433.3333,217.33331,431.6667
L1_int: 183,433,217,431
S1: 183.33331,625.3333,214.66669,646.0
S1_int: 183,625,214,646
T12: 180.66669,425.0,216.66669,421.0
T12_int: 180,425,216,421
T5: 188.66669,194.6667,215.66669,203.3333
T5_int: 188,194,215,203
fem_center: 211.0,761.0
fem_center_int: 211,761
image: data/Lat0001-1000_processed/train/00966/00966.jpg
image_label: data/Lat0001-1000_processed/train/00966/00966_label.jpg
