L1: 197.66669,442.3333,226.66669,439.6667
L1_int: 197,442,226,439
S1: 154.66669,621.3333,181.33331,647.3333
S1_int: 154,621,181,647
T12: 196.0,440.0,225.33331,437.3333
T12_int: 196,440,225,437
T5: 151.33331,215.33331,174.0,217.0
T5_int: 151,215,174,217
fem_center: 214.5,752.0
fem_center_int: 214,752
image: data/Lat0001-1000_processed/train/00800/00800.jpg
image_label: data/Lat0001-1000_processed/train/00800/00800_label.jpg
