L1: 195.0,415.5,230.0,415.5
L1_int: 195,415,230,415
S1: 178.5,620.75,205.25,603.25
S1_int: 178,620,205,603
T12: 196.0,406.0,234.5,405.0
T12_int: 196,406,234,405
T5: 186.33331,207.16669,213.0,202.8333
T5_int: 186,207,213,202
fem_center: 166.25,754.25
fem_center_int: 166,754
image: data/Lat0001-1000_processed/train/00264/00264.jpg
image_label: data/Lat0001-1000_processed/train/00264/00264_label.jpg
