L1: 94.66669,455.0,130.0,452.3333
L1_int: 94,455,130,452
S1: 144.0,669.0,183.33331,677.0
S1_int: 144,669,183,677
T12: 93.33331,447.6667,129.33331,441.0
T12_int: 93,447,129,441
T5: 126.33331,190.6667,149.66669,199.3333
T5_int: 126,190,149,199
fem_center: 214.5,797.75
fem_center_int: 214,797
image: data/Lat0001-1000_processed/train/00297/00297.jpg
image_label: data/Lat0001-1000_processed/train/00297/00297_label.jpg
