L1: 131.0,427.6667,163.0,424.0
L1_int: 131,427,163,424
S1: 166.33331,621.0,198.0,636.3333
S1_int: 166,621,198,636
T12: 126.33331,421.0,161.0,416.3333
T12_int: 126,421,161,416
T5: 132.25,201.1667,162.66669,205.66669
T5_int: 132,201,162,205
fem_center: 231.5,755.5
fem_center_int: 231,755
image: data/Lat0001-1000_processed/train/00660/00660.jpg
image_label: data/Lat0001-1000_processed/train/00660/00660_label.jpg
