L1: 174.33331,464.3333,207.66669,457.3333
L1_int: 174,464,207,457
S1: 193.0,670.6667,222.0,693.0
S1_int: 193,670,222,693
T12: 170.66669,455.6667,205.66669,448.3333
T12_int: 170,455,205,448
T5: 152.5,207.5,184.0,209.5
T5_int: 152,207,184,209
fem_center: 196.0,815.0
fem_center_int: 196,815
image: data/Lat0001-1000_processed/train/00628/00628.jpg
image_label: data/Lat0001-1000_processed/train/00628/00628_label.jpg
