L1: 158.66669,452.6667,189.33331,460.6667
L1_int: 158,452,189,460
S1: 152.0,658.0,180.0,634.6667
S1_int: 152,658,180,634
T12: 162.33331,443.6667,192.0,452.3333
T12_int: 162,443,192,452
T5: 174.33331,224.33331,201.33331,217.66669
T5_int: 174,224,201,217
fem_center: 162.0,769.5
fem_center_int: 162,769
image: data/Lat0001-1000_processed/train/00727/00727.jpg
image_label: data/Lat0001-1000_processed/train/00727/00727_label.jpg
