L1: 138.6667,430.6667,176.66669,441.6667
L1_int: 138,430,176,441
S1: 122.75,674.75,158.75,656.25
S1_int: 122,674,158,656
T12: 142.3333,422.6667,178.33331,435.3333
T12_int: 142,422,178,435
T5: 194.0,187.3333,218.66669,186.0
T5_int: 194,187,218,186
fem_center: 128.0,803.5
fem_center_int: 128,803
image: data/Lat0001-1000_processed/train/00854/00854.jpg
image_label: data/Lat0001-1000_processed/train/00854/00854_label.jpg
