L1: 175.66669,469.3333,207.66669,462.3333
L1_int: 175,469,207,462
S1: 180.33331,656.3333,203.66669,680.6667
S1_int: 180,656,203,680
T12: 173.0,460.0,205.66669,452.6667
T12_int: 173,460,205,452
T5: 146.66669,222.33331,180.0,223.66669
T5_int: 146,222,180,223
fem_center: 206.0,805.0
fem_center_int: 206,805
image: data/Lat0001-1000_processed/train/00906/00906.jpg
image_label: data/Lat0001-1000_processed/train/00906/00906_label.jpg
