L1: 151.66669,418.3333,187.0,414.3333
L1_int: 151,418,187,414
S1: 134.33331,592.8333,153.0,619.5
S1_int: 134,592,153,619
T12: 150.33331,408.8333,181.0,405.8333
T12_int: 150,408,181,405
T5: 174.25,187.8333,195.75,194.8333
T5_int: 174,187,195,194
fem_center: 197.0,707.0
fem_center_int: 197,707
image: data/Lat0001-1000_processed/train/00415/00415.jpg
image_label: data/Lat0001-1000_processed/train/00415/00415_label.jpg
