L1: 195.33331,454.6667,224.66669,454.3333
L1_int: 195,454,224,454
S1: 143.66669,634.0,168.66669,657.3333
S1_int: 143,634,168,657
T12: 192.33331,446.0,222.66669,442.6667
T12_int: 192,446,222,442
T5: 141.33331,219.66669,161.33331,217.33331
T5_int: 141,219,161,217
fem_center: 192.25,771.0
fem_center_int: 192,771
image: data/Lat0001-1000_processed/train/00586/00586.jpg
image_label: data/Lat0001-1000_processed/train/00586/00586_label.jpg
