L1: 121.33331,391.3333,159.33331,384.0
L1_int: 121,391,159,384
S1: 127.33331,614.0,164.66669,641.3333
S1_int: 127,614,164,641
T12: 119.0,383.5,151.5,376.0
T12_int: 119,383,151,376
T5: 96.5,116.5,140.5,120.5
T5_int: 96,116,140,120
fem_center: 208.5,782.0
fem_center_int: 208,782
image: data/Lat0001-1000_processed/train/00148/00148.jpg
image_label: data/Lat0001-1000_processed/train/00148/00148_label.jpg
