L1: 185.0,439.0,222.0,447.5
L1_int: 185,439,222,447
S1: 184.66669,669.6667,215.66669,653.3333
S1_int: 184,669,215,653
T12: 188.0,431.6667,224.33331,439.0
T12_int: 188,431,224,439
T5: 225.5,194.5,248.0,190.5
T5_int: 225,194,248,190
fem_center: 161.0,782.5
fem_center_int: 161,782
image: data/Lat0001-1000_processed/train/00494/00494.jpg
image_label: data/Lat0001-1000_processed/train/00494/00494_label.jpg
