L1: 148.16669,469.6667,175.83331,459.6667
L1_int: 148,469,175,459
S1: 171.33331,649.6667,202.0,677.3333
S1_int: 171,649,202,677
T12: 143.66669,462.3333,172.0,452.6667
T12_int: 143,462,172,452
T5: 99.0,230.66669,129.0,231.66669
T5_int: 99,230,129,231
fem_center: 185.5,799.0
fem_center_int: 185,799
image: data/Lat0001-1000_processed/train/00448/00448.jpg
image_label: data/Lat0001-1000_processed/train/00448/00448_label.jpg
