L1: 176.33331,437.0,207.66669,429.3333
L1_int: 176,437,207,429
S1: 169.33331,620.6667,197.33331,644.3333
S1_int: 169,620,197,644
T12: 175.33331,430.3333,208.0,422.0
T12_int: 175,430,208,422
T5: 131.33331,208.33331,158.66669,209.0
T5_int: 131,208,158,209
fem_center: 181.0,752.0
fem_center_int: 181,752
image: data/Lat0001-1000_processed/train/00726/00726.jpg
image_label: data/Lat0001-1000_processed/train/00726/00726_label.jpg
