L1: 181.0,441.3333,212.0,430.6667
L1_int: 181,441,212,430
S1: 174.33331,617.3333,200.0,644.6667
S1_int: 174,617,200,644
T12: 178.66669,435.0,209.0,422.6667
T12_int: 178,435,209,422
T5: 119.33331,212.0,143.66669,214.66669
T5_int: 119,212,143,214
fem_center: 175.5,757.5
fem_center_int: 175,757
image: data/Lat0001-1000_processed/train/00678/00678.jpg
image_label: data/Lat0001-1000_processed/train/00678/00678_label.jpg
