L1: 183.0,439.0,212.5,433.5
L1_int: 183,439,212,433
S1: 200.66669,635.3333,218.66669,661.3333
S1_int: 200,635,218,661
T12: 181.0,429.5,211.0,424.5
T12_int: 181,429,211,424
T5: 160.5,193.25,182.75,195.5
T5_int: 160,193,182,195
fem_center: 163.5,791.5
fem_center_int: 163,791
image: data/Lat0001-1000_processed/train/00402/00402.jpg
image_label: data/Lat0001-1000_processed/train/00402/00402_label.jpg
