L1: 183.0,484.0,211.33331,478.0
L1_int: 183,484,211,478
S1: 150.0,651.6667,171.33331,681.3333
S1_int: 150,651,171,681
T12: 181.66669,478.0,209.33331,470.0
T12_int: 181,478,209,470
T5: 103.66669,247.66669,130.33331,255.0
T5_int: 103,247,130,255
fem_center: 171.0,776.75
fem_center_int: 171,776
image: data/Lat0001-1000_processed/train/00555/00555.jpg
image_label: data/Lat0001-1000_processed/train/00555/00555_label.jpg
