L1: 117.0,489.5,151.5,480.0
L1_int: 117,489,151,480
S1: 125.66669,681.3333,158.33331,697.0
S1_int: 125,681,158,697
T12: 115.0,479.5,149.0,473.0
T12_int: 115,479,149,473
T5: 78.5,248.0,104.0,250.5
T5_int: 78,248,104,250
fem_center: 182.5,834.0
fem_center_int: 182,834
image: data/Lat0001-1000_processed/train/00461/00461.jpg
image_label: data/Lat0001-1000_processed/train/00461/00461_label.jpg
