L1: 195.66669,457.8333,223.66669,448.8333
L1_int: 195,457,223,448
S1: 183.66669,621.3333,206.66669,647.3333
S1_int: 183,621,206,647
T12: 192.0,448.0,219.66669,441.3333
T12_int: 192,448,219,441
T5: 144.33331,209.33331,173.66669,211.33331
T5_int: 144,209,173,211
fem_center: 202.0,764.0
fem_center_int: 202,764
image: data/Lat0001-1000_processed/train/00498/00498.jpg
image_label: data/Lat0001-1000_processed/train/00498/00498_label.jpg
