L1: 149.66669,408.6667,188.33331,413.3333
L1_int: 149,408,188,413
S1: 157.0,660.6667,184.33331,642.6667
S1_int: 157,660,184,642
T12: 151.0,400.6667,187.0,404.6667
T12_int: 151,400,187,404
T5: 197.66669,140.6667,224.33331,138.0
T5_int: 197,140,224,138
fem_center: 134.5,806.25
fem_center_int: 134,806
image: data/Lat0001-1000_processed/train/00143/00143.jpg
image_label: data/Lat0001-1000_processed/train/00143/00143_label.jpg
