L1: 196.16669,430.6667,221.33331,426.0
L1_int: 196,430,221,426
S1: 213.0,608.0,249.0,619.6667
S1_int: 213,608,249,619
T12: 192.33331,427.0,219.5,421.6667
T12_int: 192,427,219,421
T5: 164.0,221.0,188.0,224.33331
T5_int: 164,221,188,224
fem_center: 239.5,748.5
fem_center_int: 239,748
image: data/Lat0001-1000_processed/train/00635/00635.jpg
image_label: data/Lat0001-1000_processed/train/00635/00635_label.jpg
