L1: 152.0,457.0,183.0,445.6667
L1_int: 152,457,183,445
S1: 194.66669,643.6667,220.66669,665.0
S1_int: 194,643,220,665
T12: 148.66669,450.0,179.0,437.3333
T12_int: 148,450,179,437
T5: 101.0,217.0,124.33331,218.66669
T5_int: 101,217,124,218
fem_center: 197.5,789.0
fem_center_int: 197,789
image: data/Lat0001-1000_processed/train/00654/00654.jpg
image_label: data/Lat0001-1000_processed/train/00654/00654_label.jpg
