L1: 171.0,446.8421,200.5,454.73685
L1_int: 171,446,200,454
S1: 161.5,655.2632,184.5,628.9474
S1_int: 161,655,184,628
T12: 175.0,433.1579,201.5,440.5263
T12_int: 175,433,201,440
T5: 189.0,200.0,223.0,197.36842
T5_int: 189,200,223,197
fem_center: 152.0,778.9474
fem_center_int: 152,778
image: data/Lat0001-1000_processed/train/00024/00024.jpg
image_label: data/Lat0001-1000_processed/train/00024/00024_label.jpg
