L1: 251.33331,471.6667,279.0,473.3333
L1_int: 251,471,279,473
S1: 193.66669,642.6667,212.33331,665.6667
S1_int: 193,642,212,665
T12: 248.0,461.6667,279.6667,462.0
T12_int: 248,461,279,462
T5: 218.66669,252.33331,247.0,251.33331
T5_int: 218,252,247,251
fem_center: 218.0,769.5
fem_center_int: 218,769
image: data/Lat0001-1000_processed/train/00789/00789.jpg
image_label: data/Lat0001-1000_processed/train/00789/00789_label.jpg
