L1: 215.66669,458.6667,245.0,454.0
L1_int: 215,458,245,454
S1: 192.66669,652.3333,215.66669,681.3333
S1_int: 192,652,215,681
T12: 211.0,451.3333,243.33331,444.0
T12_int: 211,451,243,444
T5: 170.0,234.66669,201.66669,240.0
T5_int: 170,234,201,240
fem_center: 204.5,806.5
fem_center_int: 204,806
image: data/Lat0001-1000_processed/train/00783/00783.jpg
image_label: data/Lat0001-1000_processed/train/00783/00783_label.jpg
