L1: 89.66669,455.3333,116.0,458.6667
L1_int: 89,455,116,458
S1: 124.0,667.6667,148.16669,645.3333
S1_int: 124,667,148,645
T12: 90.0,448.3333,120.0,451.0
T12_int: 90,448,120,451
T5: 138.33331,224.0,162.66669,222.0
T5_int: 138,224,162,222
fem_center: 111.0,789.0
fem_center_int: 111,789
image: data/Lat0001-1000_processed/train/00525/00525.jpg
image_label: data/Lat0001-1000_processed/train/00525/00525_label.jpg
