L1: 218.0,401.5,254.0,394.0
L1_int: 218,401,254,394
S1: 201.0,606.0,228.33331,630.6667
S1_int: 201,606,228,630
T12: 216.33331,397.3333,253.5,386.5
T12_int: 216,397,253,386
T5: 161.0,143.6667,187.66669,146.3333
T5_int: 161,143,187,146
fem_center: 227.0,775.5
fem_center_int: 227,775
image: data/Lat0001-1000_processed/train/00266/00266.jpg
image_label: data/Lat0001-1000_processed/train/00266/00266_label.jpg
