L1: 136.33331,401.3333,176.33331,386.6667
L1_int: 136,401,176,386
S1: 167.0,628.0,204.0,659.0
S1_int: 167,628,204,659
T12: 131.0,392.0,171.0,376.6667
T12_int: 131,392,171,376
T5: 163.66669,125.3333,195.66669,134.6667
T5_int: 163,125,195,134
fem_center: 219.5,824.0
fem_center_int: 219,824
image: data/Lat0001-1000_processed/train/00121/00121.jpg
image_label: data/Lat0001-1000_processed/train/00121/00121_label.jpg
