L1: 255.25,434.5,286.75,430.5
L1_int: 255,434,286,430
S1: 212.66669,601.6667,225.33331,641.3333
S1_int: 212,601,225,641
T12: 253.0,425.5,283.0,419.5
T12_int: 253,425,283,419
T5: 186.5,202.5,210.5,202.5
T5_int: 186,202,210,202
fem_center: 220.5,739.5
fem_center_int: 220,739
image: data/Lat0001-1000_processed/train/00435/00435.jpg
image_label: data/Lat0001-1000_processed/train/00435/00435_label.jpg
