L1: 157.33331,458.3333,191.0,449.0
L1_int: 157,458,191,449
S1: 174.66669,640.3333,205.33331,663.0
S1_int: 174,640,205,663
T12: 155.0,451.6667,188.0,441.6667
T12_int: 155,451,188,441
T5: 135.33331,223.0,161.33331,228.66669
T5_int: 135,223,161,228
fem_center: 219.0,760.5
fem_center_int: 219,760
image: data/Lat0001-1000_processed/train/00639/00639.jpg
image_label: data/Lat0001-1000_processed/train/00639/00639_label.jpg
