L1: 175.5,464.25,213.0,465.75
L1_int: 175,464,213,465
S1: 136.66669,665.6667,168.66669,691.3333
S1_int: 136,665,168,691
T12: 177.75,455.25,214.5,452.75
T12_int: 177,455,214,452
T5: 153.4375,211.5,182.5625,214.0
T5_int: 153,211,182,214
fem_center: 168.0,831.5
fem_center_int: 168,831
image: data/Lat0001-1000_processed/train/00408/00408.jpg
image_label: data/Lat0001-1000_processed/train/00408/00408_label.jpg
