L1: 191.0,390.0,229.0,380.0
L1_int: 191,390,229,380
S1: 185.0,609.0,221.0,640.0
S1_int: 185,609,221,640
T12: 187.66669,382.3333,225.0,371.0
T12_int: 187,382,225,371
T5: 126.33331,98.3333,172.33331,108.3333
T5_int: 126,98,172,108
fem_center: 230.0,781.5
fem_center_int: 230,781
image: data/Lat0001-1000_processed/train/00116/00116.jpg
image_label: data/Lat0001-1000_processed/train/00116/00116_label.jpg
