L1: 209.66669,486.6667,246.66669,479.3333
L1_int: 209,486,246,479
S1: 168.33331,667.3333,189.0,690.0
S1_int: 168,667,189,690
T12: 207.0,480.6667,243.0,471.3333
T12_int: 207,480,243,471
T5: 173.66669,226.66669,196.33331,228.33331
T5_int: 173,226,196,228
fem_center: 214.0,822.5
fem_center_int: 214,822
image: data/Lat0001-1000_processed/train/00995/00995.jpg
image_label: data/Lat0001-1000_processed/train/00995/00995_label.jpg
