L1: 218.33331,404.0,255.66669,398.6667
L1_int: 218,404,255,398
S1: 181.0,607.3333,211.66669,634.6667
S1_int: 181,607,211,634
T12: 214.33331,396.6667,247.66669,388.6667
T12_int: 214,396,247,388
T5: 161.0,142.6667,189.0,146.0
T5_int: 161,142,189,146
fem_center: 204.0,777.0
fem_center_int: 204,777
image: data/Lat0001-1000_processed/train/00036/00036.jpg
image_label: data/Lat0001-1000_processed/train/00036/00036_label.jpg
