L1: 143.0,350.5,175.5,364.5
L1_int: 143,350,175,364
S1: 117.0,548.5,146.0,530.5
S1_int: 117,548,146,530
T12: 140.5,345.0,177.0,356.0
T12_int: 140,345,177,356
T5: 167.66669,139.3333,200.33331,138.3333
T5_int: 167,139,200,138
fem_center: 104.0,679.0
fem_center_int: 104,679
image: data/Lat0001-1000_processed/train/00682/00682.jpg
image_label: data/Lat0001-1000_processed/train/00682/00682_label.jpg
