L1: 142.66669,467.6667,178.0,462.0
L1_int: 142,467,178,462
S1: 139.33331,644.0,167.66669,663.0
S1_int: 139,644,167,663
T12: 139.66669,459.3333,175.33331,453.6667
T12_int: 139,459,175,453
T5: 128.5,242.16669,157.5,241.16669
T5_int: 128,242,157,241
fem_center: 168.0,765.0
fem_center_int: 168,765
image: data/Lat0001-1000_processed/train/00895/00895.jpg
image_label: data/Lat0001-1000_processed/train/00895/00895_label.jpg
