L1: 171.66669,461.6667,201.33331,454.6667
L1_int: 171,461,201,454
S1: 155.33331,645.0,194.66669,671.6667
S1_int: 155,645,194,671
T12: 167.33331,458.3333,203.66669,448.6667
T12_int: 167,458,203,448
T5: 133.66669,217.0,161.33331,223.33331
T5_int: 133,217,161,223
fem_center: 200.0,794.5
fem_center_int: 200,794
image: data/Lat0001-1000_processed/train/00558/00558.jpg
image_label: data/Lat0001-1000_processed/train/00558/00558_label.jpg
