L1: 135.33331,494.6667,172.0,487.0
L1_int: 135,494,172,487
S1: 165.33331,666.6667,193.0,684.3333
S1_int: 165,666,193,684
T12: 134.0,483.0,168.33331,477.0
T12_int: 134,483,168,477
T5: 126.0,263.0,148.66669,264.6667
T5_int: 126,263,148,264
fem_center: 204.5,801.5
fem_center_int: 204,801
image: data/Lat0001-1000_processed/train/00708/00708.jpg
image_label: data/Lat0001-1000_processed/train/00708/00708_label.jpg
