L1: 98.6667,435.3333,135.66669,449.0
L1_int: 98,435,135,449
S1: 101.0,686.0,128.5,663.5
S1_int: 101,686,128,663
T12: 104.0,425.0,139.33331,438.0
T12_int: 104,425,139,438
T5: 169.0,177.3333,194.0,181.0
T5_int: 169,177,194,181
fem_center: 95.0,822.5
fem_center_int: 95,822
image: data/Lat0001-1000_processed/train/00830/00830.jpg
image_label: data/Lat0001-1000_processed/train/00830/00830_label.jpg
