L1: 181.0,429.0,223.0,429.0
L1_int: 181,429,223,429
S1: 180.0,647.3333,208.0,671.3333
S1_int: 180,647,208,671
T12: 179.66669,423.0,223.0,419.0
T12_int: 179,423,223,419
T5: 187.66669,144.3333,211.66669,147.6667
T5_int: 187,144,211,147
fem_center: 200.5,795.0
fem_center_int: 200,795
image: data/Lat0001-1000_processed/train/00091/00091.jpg
image_label: data/Lat0001-1000_processed/train/00091/00091_label.jpg
