L1: 131.0,385.3333,168.33331,399.3333
L1_int: 131,385,168,399
S1: 110.33331,629.3333,137.0,599.3333
S1_int: 110,629,137,599
T12: 136.33331,380.1667,173.66669,395.8333
T12_int: 136,380,173,395
T5: 199.66669,166.6667,227.66669,162.6667
T5_int: 199,166,227,162
fem_center: 164.0,771.5
fem_center_int: 164,771
image: data/Lat0001-1000_processed/train/00120/00120.jpg
image_label: data/Lat0001-1000_processed/train/00120/00120_label.jpg
