L1: 141.33331,427.3333,184.0,416.0
L1_int: 141,427,184,416
S1: 146.66669,650.6667,180.0,676.0
S1_int: 146,650,180,676
T12: 137.33331,418.6667,179.33331,409.3333
T12_int: 137,418,179,409
T5: 136.0,140.0,175.33331,146.6667
T5_int: 136,140,175,146
fem_center: 231.0,795.5
fem_center_int: 231,795
image: data/Lat0001-1000_processed/train/00123/00123.jpg
image_label: data/Lat0001-1000_processed/train/00123/00123_label.jpg
