L1: 125.66669,477.0,154.0,488.0
L1_int: 125,477,154,488
S1: 133.33331,691.6667,157.0,676.3333
S1_int: 133,691,157,676
T12: 132.33331,466.3333,161.0,478.3333
T12_int: 132,466,161,478
T5: 185.0,261.0,207.0,257.3333
T5_int: 185,261,207,257
fem_center: 108.0,799.0
fem_center_int: 108,799
image: data/Lat0001-1000_processed/train/00625/00625.jpg
image_label: data/Lat0001-1000_processed/train/00625/00625_label.jpg
