L1: 97.33331,474.6667,125.33331,462.3333
L1_int: 97,474,125,462
S1: 116.66669,650.3333,135.33331,673.3333
S1_int: 116,650,135,673
T12: 91.66669,467.3333,117.66669,455.0
T12_int: 91,467,117,455
T5: 62.833298,228.91669,84.3333,238.0
T5_int: 62,228,84,238
fem_center: 162.0,772.0
fem_center_int: 162,772
image: data/Lat0001-1000_processed/train/00539/00539.jpg
image_label: data/Lat0001-1000_processed/train/00539/00539_label.jpg
