L1: 163.16669,457.1667,193.5,452.1667
L1_int: 163,457,193,452
S1: 137.75,635.75,163.5,657.0
S1_int: 137,635,163,657
T12: 158.0,449.0,191.66669,442.3333
T12_int: 158,449,191,442
T5: 114.66669,222.33331,136.0,223.33331
T5_int: 114,222,136,223
fem_center: 197.0,779.0
fem_center_int: 197,779
image: data/Lat0001-1000_processed/train/00491/00491.jpg
image_label: data/Lat0001-1000_processed/train/00491/00491_label.jpg
