L1: 237.5,448.5,270.0,451.0
L1_int: 237,448,270,451
S1: 171.66669,606.0,184.66669,633.3333
S1_int: 171,606,184,633
T12: 234.66669,440.1667,266.6667,437.1667
T12_int: 234,440,266,437
T5: 166.5,219.5,192.5,219.75
T5_int: 166,219,192,219
fem_center: 213.5,737.0
fem_center_int: 213,737
image: data/Lat0001-1000_processed/train/00374/00374.jpg
image_label: data/Lat0001-1000_processed/train/00374/00374_label.jpg
