L1: 146.66669,449.0,175.66669,443.0
L1_int: 146,449,175,443
S1: 181.66669,632.6667,217.66669,651.3333
S1_int: 181,632,217,651
T12: 144.0,434.6667,171.33331,428.3333
T12_int: 144,434,171,428
T5: 107.66669,216.33331,137.33331,218.66669
T5_int: 107,216,137,218
fem_center: 185.0,789.5
fem_center_int: 185,789
image: data/Lat0001-1000_processed/train/00763/00763.jpg
image_label: data/Lat0001-1000_processed/train/00763/00763_label.jpg
