L1: 44.666702,458.0,76.3333,467.6667
L1_int: 44,458,76,467
S1: 59.333298,690.3333,86.3333,663.3333
S1_int: 59,690,86,663
T12: 48.666702,449.6667,84.0,462.3333
T12_int: 48,449,84,462
T5: 115.0,222.33331,145.0,219.33331
T5_int: 115,222,145,219
fem_center: 55.5,805.0
fem_center_int: 55,805
image: data/Lat0001-1000_processed/train/00861/00861.jpg
image_label: data/Lat0001-1000_processed/train/00861/00861_label.jpg
