L1: 193.33331,445.6667,226.0,439.3333
L1_int: 193,445,226,439
S1: 197.66669,626.0,222.0,646.3333
S1_int: 197,626,222,646
T12: 189.33331,438.3333,222.0,431.6667
T12_int: 189,438,222,431
T5: 178.33331,211.33331,207.33331,217.33331
T5_int: 178,211,207,217
fem_center: 239.5,744.0
fem_center_int: 239,744
image: data/Lat0001-1000_processed/train/00630/00630.jpg
image_label: data/Lat0001-1000_processed/train/00630/00630_label.jpg
