L1: 177.0,454.5,206.5,449.0
L1_int: 177,454,206,449
S1: 205.33331,658.3333,231.33331,676.6667
S1_int: 205,658,231,676
T12: 174.0,445.5,204.0,439.5
T12_int: 174,445,204,439
T5: 147.5,211.0,177.0,214.5
T5_int: 147,211,177,214
fem_center: 228.5,806.25
fem_center_int: 228,806
image: data/Lat0001-1000_processed/train/00429/00429.jpg
image_label: data/Lat0001-1000_processed/train/00429/00429_label.jpg
