L1: 141.66669,428.3333,188.33331,423.0
L1_int: 141,428,188,423
S1: 162.33331,603.0,203.0,624.3333
S1_int: 162,603,203,624
T12: 143.66669,417.0,185.0,414.3333
T12_int: 143,417,185,414
T5: 125.0,161.0,161.0,163.0
T5_int: 125,161,161,163
fem_center: 197.5,747.5
fem_center_int: 197,747
image: data/Lat0001-1000_processed/train/00158/00158.jpg
image_label: data/Lat0001-1000_processed/train/00158/00158_label.jpg
