L1: 155.33331,431.3333,182.0,431.6667
L1_int: 155,431,182,431
S1: 187.66669,616.0,215.33331,631.0
S1_int: 187,616,215,631
T12: 159.0,425.6667,185.0,423.6667
T12_int: 159,425,185,423
T5: 155.66669,208.66669,177.0,212.0
T5_int: 155,208,177,212
fem_center: 210.0,748.0
fem_center_int: 210,748
image: data/Lat0001-1000_processed/train/00803/00803.jpg
image_label: data/Lat0001-1000_processed/train/00803/00803_label.jpg
