L1: 144.33331,461.6667,176.66669,458.0
L1_int: 144,461,176,458
S1: 162.25,658.0,195.25,681.5
S1_int: 162,658,195,681
T12: 141.66669,453.6667,176.33331,450.3333
T12_int: 141,453,176,450
T5: 119.0,212.5,144.0,216.0
T5_int: 119,212,144,216
fem_center: 202.0,805.0
fem_center_int: 202,805
image: data/Lat0001-1000_processed/train/00471/00471.jpg
image_label: data/Lat0001-1000_processed/train/00471/00471_label.jpg
