L1: 141.66669,447.6667,176.66669,444.3333
L1_int: 141,447,176,444
S1: 138.0,641.6667,168.33331,660.0
S1_int: 138,641,168,660
T12: 142.0,440.0,174.0,436.6667
T12_int: 142,440,174,436
T5: 126.0,205.66669,147.33331,208.66669
T5_int: 126,205,147,208
fem_center: 183.5,771.5
fem_center_int: 183,771
image: data/Lat0001-1000_processed/train/00640/00640.jpg
image_label: data/Lat0001-1000_processed/train/00640/00640_label.jpg
