L1: 165.25,491.0,204.75,504.0
L1_int: 165,491,204,504
S1: 184.83331,713.0,210.5,691.0
S1_int: 184,713,210,691
T12: 170.0,483.5,209.0,494.5
T12_int: 170,483,209,494
T5: 202.33331,228.66669,224.33331,228.33331
T5_int: 202,228,224,228
fem_center: 132.5,815.5
fem_center_int: 132,815
image: data/Lat0001-1000_processed/train/00384/00384.jpg
image_label: data/Lat0001-1000_processed/train/00384/00384_label.jpg
