L1: 122.0,472.6667,156.33331,470.6667
L1_int: 122,472,156,470
S1: 141.33331,673.0,173.66669,688.6667
S1_int: 141,673,173,688
T12: 121.66669,464.3333,157.66669,461.6667
T12_int: 121,464,157,461
T5: 136.66669,224.33331,163.33331,230.33331
T5_int: 136,224,163,230
fem_center: 203.5,820.0
fem_center_int: 203,820
image: data/Lat0001-1000_processed/train/00629/00629.jpg
image_label: data/Lat0001-1000_processed/train/00629/00629_label.jpg
