L1: 210.33331,470.0,246.0,466.0
L1_int: 210,470,246,466
S1: 168.66669,651.3333,197.0,683.6667
S1_int: 168,651,197,683
T12: 206.0,462.3333,245.66669,457.3333
T12_int: 206,462,245,457
T5: 163.0,230.33331,191.0,228.66669
T5_int: 163,230,191,228
fem_center: 181.5,794.0
fem_center_int: 181,794
image: data/Lat0001-1000_processed/train/00808/00808.jpg
image_label: data/Lat0001-1000_processed/train/00808/00808_label.jpg
