L1: 140.83331,434.6667,167.0,442.0
L1_int: 140,434,167,442
S1: 154.0,645.6667,181.66669,629.3333
S1_int: 154,645,181,629
T12: 142.0,426.6667,173.33331,436.0
T12_int: 142,426,173,436
T5: 176.0,217.66669,198.0,216.0
T5_int: 176,217,198,216
fem_center: 128.5,761.5
fem_center_int: 128,761
image: data/Lat0001-1000_processed/train/00992/00992.jpg
image_label: data/Lat0001-1000_processed/train/00992/00992_label.jpg
