L1: 143.66669,459.6667,174.33331,462.0
L1_int: 143,459,174,462
S1: 186.66669,660.0,208.33331,633.6667
S1_int: 186,660,208,633
T12: 143.0,452.3333,178.0,454.6667
T12_int: 143,452,178,454
T5: 181.66669,231.33331,210.66669,230.33331
T5_int: 181,231,210,230
fem_center: 167.5,742.0
fem_center_int: 167,742
image: data/Lat0001-1000_processed/train/00659/00659.jpg
image_label: data/Lat0001-1000_processed/train/00659/00659_label.jpg
