L1: 221.0,388.6667,257.6667,386.6667
L1_int: 221,388,257,386
S1: 167.0,611.3333,198.33331,632.6667
S1_int: 167,611,198,632
T12: 218.33331,380.6667,257.6667,378.0
T12_int: 218,380,257,378
T5: 169.0,116.6667,197.0,112.6667
T5_int: 169,116,197,112
fem_center: 192.75,758.5
fem_center_int: 192,758
image: data/Lat0001-1000_processed/train/00180/00180.jpg
image_label: data/Lat0001-1000_processed/train/00180/00180_label.jpg
