L1: 157.33331,458.6667,197.33331,468.0
L1_int: 157,458,197,468
S1: 139.0,697.3333,179.0,672.0
S1_int: 139,697,179,672
T12: 159.0,451.6667,197.66669,463.0
T12_int: 159,451,197,463
T5: 205.0,204.6667,229.66669,203.6667
T5_int: 205,204,229,203
fem_center: 127.5,829.0
fem_center_int: 127,829
image: data/Lat0001-1000_processed/train/00844/00844.jpg
image_label: data/Lat0001-1000_processed/train/00844/00844_label.jpg
