L1: 96.3333,420.6667,125.0,435.0
L1_int: 96,420,125,435
S1: 141.5,643.5,155.0,619.0
S1_int: 141,643,155,619
T12: 99.0,413.6667,125.33331,427.3333
T12_int: 99,413,125,427
T5: 178.66669,222.33331,208.66669,224.66669
T5_int: 178,222,208,224
fem_center: 136.0,772.0
fem_center_int: 136,772
image: data/Lat0001-1000_processed/train/00826/00826.jpg
image_label: data/Lat0001-1000_processed/train/00826/00826_label.jpg
