L1: 192.0,458.6667,223.33331,456.0
L1_int: 192,458,223,456
S1: 195.33331,639.3333,226.66669,661.0
S1_int: 195,639,226,661
T12: 191.33331,451.6667,222.33331,447.6667
T12_int: 191,451,222,447
T5: 179.66669,222.33331,204.0,225.33331
T5_int: 179,222,204,225
fem_center: 223.0,781.5
fem_center_int: 223,781
image: data/Lat0001-1000_processed/train/00686/00686.jpg
image_label: data/Lat0001-1000_processed/train/00686/00686_label.jpg
