L1: 119.5,417.0,154.5,422.0
L1_int: 119,417,154,422
S1: 154.33331,644.5,181.66669,620.1667
S1_int: 154,644,181,620
T12: 121.5,409.0,154.5,414.5
T12_int: 121,409,154,414
T5: 179.5,165.0,206.0,170.5
T5_int: 179,165,206,170
fem_center: 182.5,771.0
fem_center_int: 182,771
image: data/Lat0001-1000_processed/train/00293/00293.jpg
image_label: data/Lat0001-1000_processed/train/00293/00293_label.jpg
