L1: 136.66669,451.6667,167.33331,445.6667
L1_int: 136,451,167,445
S1: 166.0,644.6667,195.66669,655.6667
S1_int: 166,644,195,655
T12: 135.33331,444.0,167.0,436.6667
T12_int: 135,444,167,436
T5: 114.66669,213.33331,142.0,215.33331
T5_int: 114,213,142,215
fem_center: 178.0,786.5
fem_center_int: 178,786
image: data/Lat0001-1000_processed/train/00703/00703.jpg
image_label: data/Lat0001-1000_processed/train/00703/00703_label.jpg
