L1: 202.33331,461.0,230.33331,454.3333
L1_int: 202,461,230,454
S1: 173.66669,612.6667,191.66669,640.6667
S1_int: 173,612,191,640
T12: 200.33331,454.0,227.33331,445.3333
T12_int: 200,454,227,445
T5: 146.33331,237.0,173.0,238.33331
T5_int: 146,237,173,238
fem_center: 184.0,740.5
fem_center_int: 184,740
image: data/Lat0001-1000_processed/train/00718/00718.jpg
image_label: data/Lat0001-1000_processed/train/00718/00718_label.jpg
