L1: 217.66669,460.3333,245.66669,454.3333
L1_int: 217,460,245,454
S1: 215.33331,650.6667,244.66669,671.0
S1_int: 215,650,244,671
T12: 216.33331,450.0,241.66669,444.3333
T12_int: 216,450,241,444
T5: 186.0,225.66669,214.66669,227.66669
T5_int: 186,225,214,227
fem_center: 260.5,775.5
fem_center_int: 260,775
image: data/Lat0001-1000_processed/train/00522/00522.jpg
image_label: data/Lat0001-1000_processed/train/00522/00522_label.jpg
