L1: 177.66669,449.6667,205.0,449.0
L1_int: 177,449,205,449
S1: 160.33331,633.0,187.66669,653.3333
S1_int: 160,633,187,653
T12: 173.66669,442.0,203.0,439.0
T12_int: 173,442,203,439
T5: 155.0,225.66669,174.66669,227.66669
T5_int: 155,225,174,227
fem_center: 208.5,753.0
fem_center_int: 208,753
image: data/Lat0001-1000_processed/train/00589/00589.jpg
image_label: data/Lat0001-1000_processed/train/00589/00589_label.jpg
