L1: 158.66669,450.6667,192.33331,463.3333
L1_int: 158,450,192,463
S1: 167.33331,661.0,195.33331,641.0
S1_int: 167,661,195,641
T12: 163.33331,442.6667,195.33331,456.0
T12_int: 163,442,195,456
T5: 199.0,241.75,225.5,240.25
T5_int: 199,241,225,240
fem_center: 163.0,780.5
fem_center_int: 163,780
image: data/Lat0001-1000_processed/train/00466/00466.jpg
image_label: data/Lat0001-1000_processed/train/00466/00466_label.jpg
