L1: 185.66669,439.6667,213.66669,434.6667
L1_int: 185,439,213,434
S1: 197.66669,613.6667,221.33331,632.6667
S1_int: 197,613,221,632
T12: 183.0,435.6667,213.0,429.3333
T12_int: 183,435,213,429
T5: 139.0,236.75,158.5,239.25
T5_int: 139,236,158,239
fem_center: 217.0,742.5
fem_center_int: 217,742
image: data/Lat0001-1000_processed/train/00530/00530.jpg
image_label: data/Lat0001-1000_processed/train/00530/00530_label.jpg
