L1: 102.0,420.0,137.3333,423.0
L1_int: 102,420,137,423
S1: 149.3333,630.3333,169.66669,607.3333
S1_int: 149,630,169,607
T12: 101.6667,411.0,138.6667,416.0
T12_int: 101,411,138,416
T5: 164.33331,186.0,187.66669,188.0
T5_int: 164,186,187,188
fem_center: 150.5,750.5
fem_center_int: 150,750
image: data/Lat0001-1000_processed/train/00825/00825.jpg
image_label: data/Lat0001-1000_processed/train/00825/00825_label.jpg
