L1: 116.66669,447.3333,149.66669,437.3333
L1_int: 116,447,149,437
S1: 136.66669,618.6667,168.0,639.0
S1_int: 136,618,168,639
T12: 112.0,438.3333,146.66669,427.3333
T12_int: 112,438,146,427
T5: 114.5,204.5,140.0,215.5
T5_int: 114,204,140,215
fem_center: 209.5,747.5
fem_center_int: 209,747
image: data/Lat0001-1000_processed/train/00690/00690.jpg
image_label: data/Lat0001-1000_processed/train/00690/00690_label.jpg
