L1: 217.66669,452.6667,249.66669,445.0
L1_int: 217,452,249,445
S1: 182.66669,634.3333,209.33331,659.0
S1_int: 182,634,209,659
T12: 215.66669,446.6667,246.33331,439.6667
T12_int: 215,446,246,439
T5: 181.5,234.25,205.5,234.5
T5_int: 181,234,205,234
fem_center: 219.0,767.5
fem_center_int: 219,767
image: data/Lat0001-1000_processed/train/00620/00620.jpg
image_label: data/Lat0001-1000_processed/train/00620/00620_label.jpg
