L1: 175.625,371.4167,202.375,377.9167
L1_int: 175,371,202,377
S1: 194.0,586.0,214.25,561.25
S1_int: 194,586,214,561
T12: 175.66669,367.5,202.33331,375.1667
T12_int: 175,367,202,375
T5: 202.0,170.0,222.0,162.6667
T5_int: 202,170,222,162
fem_center: 207.0,695.5
fem_center_int: 207,695
image: data/Lat0001-1000_processed/train/00961/00961.jpg
image_label: data/Lat0001-1000_processed/train/00961/00961_label.jpg
