L1: 170.0,429.13043,197.5,419.46292
L1_int: 170,429,197,419
S1: 163.0,606.9054,200.0,632.6854
S1_int: 163,606,200,632
T12: 164.5,422.68542,192.5,413.0179
T12_int: 164,422,192,413
T5: 129.0,191.73914,156.5,194.42455
T5_int: 129,191,156,194
fem_center: 224.5,746.01025
fem_center_int: 224,746
image: data/Lat0001-1000_processed/train/00017/00017.jpg
image_label: data/Lat0001-1000_processed/train/00017/00017_label.jpg
