L1: 157.66669,418.6667,216.33331,448.0
L1_int: 157,418,216,448
S1: 193.0,701.3333,235.0,660.0
S1_int: 193,701,235,660
T12: 160.33331,396.0,227.66669,437.3333
T12_int: 160,396,227,437
T5: 276.3333,174.0,324.3333,154.0
T5_int: 276,174,324,154
fem_center: 175.0,789.0
fem_center_int: 175,789
image: data/Lat0001-1000_processed/train/00161/00161.jpg
image_label: data/Lat0001-1000_processed/train/00161/00161_label.jpg
