L1: 150.0,445.3333,179.0,438.0
L1_int: 150,445,179,438
S1: 180.33331,624.0,207.0,638.3333
S1_int: 180,624,207,638
T12: 148.33331,440.0,177.33331,431.3333
T12_int: 148,440,177,431
T5: 124.0,232.66669,151.0,236.66669
T5_int: 124,232,151,236
fem_center: 191.0,765.0
fem_center_int: 191,765
image: data/Lat0001-1000_processed/train/00778/00778.jpg
image_label: data/Lat0001-1000_processed/train/00778/00778_label.jpg
