L1: 190.33331,394.0,218.33331,403.6667
L1_int: 190,394,218,403
S1: 190.66669,589.0,217.66669,572.6667
S1_int: 190,589,217,572
T12: 193.66669,386.6667,222.66669,396.0
T12_int: 193,386,222,396
T5: 259.6667,191.3333,283.6667,190.0
T5_int: 259,191,283,190
fem_center: 186.0,709.0
fem_center_int: 186,709
image: data/Lat0001-1000_processed/train/00867/00867.jpg
image_label: data/Lat0001-1000_processed/train/00867/00867_label.jpg
