L1: 173.33331,452.6667,199.33331,443.3333
L1_int: 173,452,199,443
S1: 203.33331,613.3333,229.66669,640.0
S1_int: 203,613,229,640
T12: 169.0,448.5,196.75,438.25
T12_int: 169,448,196,438
T5: 140.33331,242.5,164.66669,252.33331
T5_int: 140,242,164,252
fem_center: 209.0,752.0
fem_center_int: 209,752
image: data/Lat0001-1000_processed/train/00753/00753.jpg
image_label: data/Lat0001-1000_processed/train/00753/00753_label.jpg
