L1: 131.0,471.0,162.33331,460.0
L1_int: 131,471,162,460
S1: 171.0,639.3333,194.33331,661.0
S1_int: 171,639,194,661
T12: 126.66669,464.0,157.66669,452.3333
T12_int: 126,464,157,452
T5: 100.25,228.5,119.0,235.25
T5_int: 100,228,119,235
fem_center: 153.5,771.5
fem_center_int: 153,771
image: data/Lat0001-1000_processed/train/00648/00648.jpg
image_label: data/Lat0001-1000_processed/train/00648/00648_label.jpg
