L1: 179.0,432.0,206.66669,430.6667
L1_int: 179,432,206,430
S1: 175.33331,600.6667,202.66669,626.0
S1_int: 175,600,202,626
T12: 177.0,425.0,206.0,422.0
T12_int: 177,425,206,422
T5: 132.33331,225.75,156.5,224.75
T5_int: 132,225,156,224
fem_center: 211.0,738.0
fem_center_int: 211,738
image: data/Lat0001-1000_processed/train/00623/00623.jpg
image_label: data/Lat0001-1000_processed/train/00623/00623_label.jpg
