L1: 118.6667,428.0,155.0,437.3333
L1_int: 118,428,155,437
S1: 117.0,636.0,148.0,613.0
S1_int: 117,636,148,613
T12: 121.6667,420.3333,157.66669,430.3333
T12_int: 121,420,157,430
T5: 187.33331,191.0,216.33331,195.0
T5_int: 187,191,216,195
fem_center: 105.0,740.0
fem_center_int: 105,740
image: data/Lat0001-1000_processed/train/00862/00862.jpg
image_label: data/Lat0001-1000_processed/train/00862/00862_label.jpg
