L1: 197.0,514.0,228.33331,503.0
L1_int: 197,514,228,503
S1: 202.0,716.6667,226.33331,740.0
S1_int: 202,716,226,740
T12: 193.33331,506.0,226.0,495.0
T12_int: 193,506,226,495
T5: 157.33331,245.0,187.66669,256.0
T5_int: 157,245,187,256
fem_center: 272.5,849.5
fem_center_int: 272,849
image: data/Lat0001-1000_processed/train/00568/00568.jpg
image_label: data/Lat0001-1000_processed/train/00568/00568_label.jpg
