L1: 146.32526,439.57947,185.95282,434.6593
L1_int: 146,439,185,434
S1: 149.80138,653.3612,188.7337,675.6661
S1_int: 149,653,188,675
T12: 144.2396,428.34515,185.25761,426.049
T12_int: 144,428,185,426
T5: 149.80138,166.59164,182.47672,171.83984
T5_int: 149,166,182,171
fem_center: 216.49907,788.9531
fem_center_int: 216,788
image: data/Lat0001-1000_processed/train/00356/00356.jpg
image_label: data/Lat0001-1000_processed/train/00356/00356_label.jpg
