L1: 206.33331,436.6667,235.66669,446.6667
L1_int: 206,436,235,446
S1: 209.66669,644.3333,235.66669,622.0
S1_int: 209,644,235,622
T12: 209.0,431.3333,235.66669,443.3333
T12_int: 209,431,235,443
T5: 242.5,221.0,268.25,220.25
T5_int: 242,221,268,220
fem_center: 171.0,748.5
fem_center_int: 171,748
image: data/Lat0001-1000_processed/train/00902/00902.jpg
image_label: data/Lat0001-1000_processed/train/00902/00902_label.jpg
