L1: 161.66669,426.5,189.0,433.3333
L1_int: 161,426,189,433
S1: 138.5,595.0833,172.0,590.25
S1_int: 138,595,172,590
T12: 163.16669,416.8333,196.0,423.3333
T12_int: 163,416,196,423
T5: 183.33331,195.5,204.0,191.3333
T5_int: 183,195,204,191
fem_center: 102.5,717.5
fem_center_int: 102,717
image: data/Lat0001-1000_processed/train/00848/00848.jpg
image_label: data/Lat0001-1000_processed/train/00848/00848_label.jpg
