L1: 191.0,447.0,228.0,439.0
L1_int: 191,447,228,439
S1: 197.33331,640.0,219.33331,664.0
S1_int: 197,640,219,664
T12: 188.0,441.5,223.0,430.0
T12_int: 188,441,223,430
T5: 133.0,200.5,156.5,209.0
T5_int: 133,200,156,209
fem_center: 209.25,769.75
fem_center_int: 209,769
image: data/Lat0001-1000_processed/train/00231/00231.jpg
image_label: data/Lat0001-1000_processed/train/00231/00231_label.jpg
