L1: 151.75,423.25,184.25,407.75
L1_int: 151,423,184,407
S1: 206.0,601.5,234.0,618.5
S1_int: 206,601,234,618
T12: 148.66669,413.6667,178.66669,400.6667
T12_int: 148,413,178,400
T5: 106.5,193.5,132.0,196.0
T5_int: 106,193,132,196
fem_center: 231.0,758.0
fem_center_int: 231,758
image: data/Lat0001-1000_processed/train/00369/00369.jpg
image_label: data/Lat0001-1000_processed/train/00369/00369_label.jpg
