L1: 194.66669,476.0,226.33331,473.0
L1_int: 194,476,226,473
S1: 155.66669,668.0,177.33331,696.6667
S1_int: 155,668,177,696
T12: 190.0,470.0,225.33331,465.3333
T12_int: 190,470,225,465
T5: 105.33331,253.33331,129.66669,254.66669
T5_int: 105,253,129,254
fem_center: 168.0,816.0
fem_center_int: 168,816
image: data/Lat0001-1000_processed/train/00748/00748.jpg
image_label: data/Lat0001-1000_processed/train/00748/00748_label.jpg
