L1: 154.33331,471.0,184.0,471.3333
L1_int: 154,471,184,471
S1: 165.33331,687.0,194.33331,672.0
S1_int: 165,687,194,672
T12: 156.0,463.3333,185.33331,465.6667
T12_int: 156,463,185,465
T5: 179.0,231.33331,201.66669,230.0
T5_int: 179,231,201,230
fem_center: 168.0,807.5
fem_center_int: 168,807
image: data/Lat0001-1000_processed/train/00940/00940.jpg
image_label: data/Lat0001-1000_processed/train/00940/00940_label.jpg
