L1: 153.0271,443.70782,190.03966,436.78827
L1_int: 153,443,190,436
S1: 175.23463,629.63196,211.13683,657.30994
S1_int: 175,629,211,657
T12: 147.84535,436.48743,185.96828,429.2671
T12_int: 147,436,185,429
T5: 132.30008,206.3386,162.65036,211.15219
T5_int: 132,206,162,211
fem_center: 216.22604,777.04755
fem_center_int: 216,777
image: data/Lat0001-1000_processed/train/00896/00896.jpg
image_label: data/Lat0001-1000_processed/train/00896/00896_label.jpg
