L1: 139.66669,419.3333,171.0,412.0
L1_int: 139,419,171,412
S1: 132.66669,619.3333,163.66669,637.0
S1_int: 132,619,163,637
T12: 138.33331,414.6667,173.0,405.6667
T12_int: 138,414,173,405
T5: 99.66669,183.0,126.33331,184.6667
T5_int: 99,183,126,184
fem_center: 177.0,774.5
fem_center_int: 177,774
image: data/Lat0001-1000_processed/train/00584/00584.jpg
image_label: data/Lat0001-1000_processed/train/00584/00584_label.jpg
