L1: 155.66669,470.0,187.0,483.3333
L1_int: 155,470,187,483
S1: 138.33331,659.0,160.0,637.0
S1_int: 138,659,160,637
T12: 157.66669,463.0,192.33331,478.6667
T12_int: 157,463,192,478
T5: 203.83331,283.3333,230.66669,275.6667
T5_int: 203,283,230,275
fem_center: 126.5,744.5
fem_center_int: 126,744
image: data/Lat0001-1000_processed/train/00544/00544.jpg
image_label: data/Lat0001-1000_processed/train/00544/00544_label.jpg
