L1: 116.0,397.0,152.66669,402.3333
L1_int: 116,397,152,402
S1: 176.0,673.5,212.0,640.5
S1_int: 176,673,212,640
T12: 119.33331,381.0,156.0,388.3333
T12_int: 119,381,156,388
T5: 176.0,133.6667,212.0,139.6667
T5_int: 176,133,212,139
fem_center: 157.5,786.0
fem_center_int: 157,786
image: data/Lat0001-1000_processed/train/00265/00265.jpg
image_label: data/Lat0001-1000_processed/train/00265/00265_label.jpg
