L1: 43.0,361.3333,72.0,367.6667
L1_int: 43,361,72,367
S1: 72.0,627.5,94.0,601.5
S1_int: 72,627,94,601
T12: 49.0,351.0,75.33331,356.6667
T12_int: 49,351,75,356
T5: 120.33331,115.6667,146.0,119.0
T5_int: 120,115,146,119
fem_center: 83.5,775.5
fem_center_int: 83,775
image: data/Lat0001-1000_processed/train/00759/00759.jpg
image_label: data/Lat0001-1000_processed/train/00759/00759_label.jpg
