L1: 144.0,444.0,174.0,440.0
L1_int: 144,444,174,440
S1: 135.33331,645.0,162.66669,667.0
S1_int: 135,645,162,667
T12: 142.0,436.5,174.0,431.5
T12_int: 142,436,174,431
T5: 122.0,202.5,147.5,206.5
T5_int: 122,202,147,206
fem_center: 200.75,794.5
fem_center_int: 200,794
image: data/Lat0001-1000_processed/train/00450/00450.jpg
image_label: data/Lat0001-1000_processed/train/00450/00450_label.jpg
