L1: 118.75,456.5,151.25,447.5
L1_int: 118,456,151,447
S1: 121.66669,656.6667,160.33331,671.3333
S1_int: 121,656,160,671
T12: 116.0,449.6667,148.66669,440.0
T12_int: 116,449,148,440
T5: 79.0,210.5,111.0,214.5
T5_int: 79,210,111,214
fem_center: 180.0,805.5
fem_center_int: 180,805
image: data/Lat0001-1000_processed/train/00382/00382.jpg
image_label: data/Lat0001-1000_processed/train/00382/00382_label.jpg
