L1: 124.5,490.0,160.5,493.0
L1_int: 124,490,160,493
S1: 135.66669,713.3333,163.66669,695.0
S1_int: 135,713,163,695
T12: 125.0,478.5,164.0,485.0
T12_int: 125,478,164,485
T5: 137.0,241.0,162.0,237.5
T5_int: 137,241,162,237
fem_center: 146.0,840.5
fem_center_int: 146,840
image: data/Lat0001-1000_processed/train/00399/00399.jpg
image_label: data/Lat0001-1000_processed/train/00399/00399_label.jpg
