L1: 127.0,426.0,157.66669,434.3333
L1_int: 127,426,157,434
S1: 90.3333,644.0,116.6667,627.6667
S1_int: 90,644,116,627
T12: 128.66669,421.3333,158.0,426.6667
T12_int: 128,421,158,426
T5: 141.33331,204.6667,162.0,200.3333
T5_int: 141,204,162,200
fem_center: 81.5,755.0
fem_center_int: 81,755
image: data/Lat0001-1000_processed/train/00860/00860.jpg
image_label: data/Lat0001-1000_processed/train/00860/00860_label.jpg
