L1: 158.0,444.0,192.66669,431.6667
L1_int: 158,444,192,431
S1: 154.5,641.0,184.25,666.75
S1_int: 154,641,184,666
T12: 153.33331,437.6667,187.33331,423.3333
T12_int: 153,437,187,423
T5: 100.0,204.33331,128.25,212.75
T5_int: 100,204,128,212
fem_center: 185.5,782.0
fem_center_int: 185,782
image: data/Lat0001-1000_processed/train/00954/00954.jpg
image_label: data/Lat0001-1000_processed/train/00954/00954_label.jpg
