L1: 165.66669,453.0,201.66669,449.0
L1_int: 165,453,201,449
S1: 165.66669,659.0,202.5,676.5
S1_int: 165,659,202,676
T12: 163.66669,445.6667,198.33331,439.6667
T12_int: 163,445,198,439
T5: 137.0,199.0,171.0,205.66669
T5_int: 137,199,171,205
fem_center: 220.5,812.0
fem_center_int: 220,812
image: data/Lat0001-1000_processed/train/00320/00320.jpg
image_label: data/Lat0001-1000_processed/train/00320/00320_label.jpg
