L1: 171.66669,378.0,201.66669,386.0
L1_int: 171,378,201,386
S1: 165.0,617.3333,193.33331,591.6667
S1_int: 165,617,193,591
T12: 171.0,371.3333,204.33331,378.6667
T12_int: 171,371,204,378
T5: 214.0,123.3333,243.0,122.0
T5_int: 214,123,243,122
fem_center: 148.5,748.0
fem_center_int: 148,748
image: data/Lat0001-1000_processed/train/00956/00956.jpg
image_label: data/Lat0001-1000_processed/train/00956/00956_label.jpg
