L1: 146.66669,426.0,181.0,433.0
L1_int: 146,426,181,433
S1: 140.0,632.6667,170.0,619.3333
S1_int: 140,632,170,619
T12: 148.0,419.0,179.0,426.0
T12_int: 148,419,179,426
T5: 191.0,206.66669,220.0,204.33331
T5_int: 191,206,220,204
fem_center: 149.0,770.0
fem_center_int: 149,770
image: data/Lat0001-1000_processed/train/00698/00698.jpg
image_label: data/Lat0001-1000_processed/train/00698/00698_label.jpg
