L1: 144.66669,474.6667,172.33331,463.3333
L1_int: 144,474,172,463
S1: 153.0,648.3333,177.66669,664.6667
S1_int: 153,648,177,664
T12: 141.33331,465.3333,169.33331,455.6667
T12_int: 141,465,169,455
T5: 115.66669,248.66669,142.33331,251.0
T5_int: 115,248,142,251
fem_center: 205.0,759.5
fem_center_int: 205,759
image: data/Lat0001-1000_processed/train/00711/00711.jpg
image_label: data/Lat0001-1000_processed/train/00711/00711_label.jpg
