L1: 178.33331,431.0,208.0,425.6667
L1_int: 178,431,208,425
S1: 150.0,600.3333,173.33331,626.0
S1_int: 150,600,173,626
T12: 176.66669,423.6667,207.33331,418.0
T12_int: 176,423,207,418
T5: 140.33331,206.33331,164.33331,208.0
T5_int: 140,206,164,208
fem_center: 182.5,734.75
fem_center_int: 182,734
image: data/Lat0001-1000_processed/train/00599/00599.jpg
image_label: data/Lat0001-1000_processed/train/00599/00599_label.jpg
