L1: 163.0,411.58707,190.5,401.87982
L1_int: 163,411,190,401
S1: 161.5,612.8505,188.0,639.38367
S1_int: 161,612,188,639
T12: 163.5,403.1741,189.0,393.46686
T12_int: 163,403,189,393
T5: 135.0,143.02003,163.0,144.96149
T5_int: 135,143,163,144
fem_center: 208.5,742.92755
fem_center_int: 208,742
image: data/Lat0001-1000_processed/train/00021/00021.jpg
image_label: data/Lat0001-1000_processed/train/00021/00021_label.jpg
