L1: 212.33331,475.6667,241.66669,474.6667
L1_int: 212,475,241,474
S1: 216.0,672.6667,244.0,687.6667
S1_int: 216,672,244,687
T12: 211.66669,465.6667,238.0,465.0
T12_int: 211,465,238,465
T5: 215.33331,237.33331,238.66669,241.33331
T5_int: 215,237,238,241
fem_center: 237.0,798.0
fem_center_int: 237,798
image: data/Lat0001-1000_processed/train/00792/00792.jpg
image_label: data/Lat0001-1000_processed/train/00792/00792_label.jpg
