L1: 180.33331,432.6667,210.66669,423.6667
L1_int: 180,432,210,423
S1: 186.66669,614.6667,210.66669,634.0
S1_int: 186,614,210,634
T12: 177.33331,424.0,207.33331,414.0
T12_int: 177,424,207,414
T5: 162.0,195.5,185.0,198.3333
T5_int: 162,195,185,198
fem_center: 220.0,750.25
fem_center_int: 220,750
image: data/Lat0001-1000_processed/train/00368/00368.jpg
image_label: data/Lat0001-1000_processed/train/00368/00368_label.jpg
