L1: 191.66669,460.3333,221.33331,457.0
L1_int: 191,460,221,457
S1: 189.33331,629.6667,211.0,651.6667
S1_int: 189,629,211,651
T12: 187.66669,453.6667,217.66669,446.6667
T12_int: 187,453,217,446
T5: 160.66669,241.33331,184.33331,243.33331
T5_int: 160,241,184,243
fem_center: 208.5,754.5
fem_center_int: 208,754
image: data/Lat0001-1000_processed/train/00999/00999.jpg
image_label: data/Lat0001-1000_processed/train/00999/00999_label.jpg
