L1: 173.66669,406.6667,205.33331,397.3333
L1_int: 173,406,205,397
S1: 185.66669,579.6667,207.66669,602.3333
S1_int: 185,579,207,602
T12: 170.0,402.3333,205.33331,390.6667
T12_int: 170,402,205,390
T5: 128.25,191.25,151.0,191.25
T5_int: 128,191,151,191
fem_center: 179.5,722.5
fem_center_int: 179,722
image: data/Lat0001-1000_processed/train/00944/00944.jpg
image_label: data/Lat0001-1000_processed/train/00944/00944_label.jpg
