L1: 131.33331,427.0,165.66669,415.6667
L1_int: 131,427,165,415
S1: 176.33331,598.1667,201.0,622.0
S1_int: 176,598,201,622
T12: 129.0,416.3333,159.66669,409.3333
T12_int: 129,416,159,409
T5: 112.0,180.5,140.0,187.0
T5_int: 112,180,140,187
fem_center: 200.0,740.0
fem_center_int: 200,740
image: data/Lat0001-1000_processed/train/00519/00519.jpg
image_label: data/Lat0001-1000_processed/train/00519/00519_label.jpg
