L1: 193.0,388.6667,230.5,382.5
L1_int: 193,388,230,382
S1: 136.66669,567.6667,163.0,605.3333
S1_int: 136,567,163,605
T12: 190.66669,383.3333,227.33331,372.0
T12_int: 190,383,227,372
T5: 123.75,159.75,150.5,161.5
T5_int: 123,159,150,161
fem_center: 202.5,732.0
fem_center_int: 202,732
image: data/Lat0001-1000_processed/train/00646/00646.jpg
image_label: data/Lat0001-1000_processed/train/00646/00646_label.jpg
