L1: 132.0,427.6667,166.33331,417.6667
L1_int: 132,427,166,417
S1: 139.33331,605.3333,173.66669,626.0
S1_int: 139,605,173,626
T12: 130.33331,421.6667,166.33331,409.6667
T12_int: 130,421,166,409
T5: 92.66669,206.0,117.0,210.33331
T5_int: 92,206,117,210
fem_center: 181.5,752.5
fem_center_int: 181,752
image: data/Lat0001-1000_processed/train/00390/00390.jpg
image_label: data/Lat0001-1000_processed/train/00390/00390_label.jpg
